lat,lon
6.44700785568885,-162.399745458808
6.44700785568885,-162.399745458808
6.44701778539731,-162.399755317156
6.44702171601826,-162.399741384859
6.44633583217803,-162.398936642686
6.44633649244946,-162.398935784624
6.4463347619246,-162.398935793448
6.4463347619246,-162.398935793448
6.4453811201422,-162.39726929529
6.44537840991875,-162.397264043108
6.44535127379682,-162.397269447549
6.44535127379682,-162.397269447549
6.44451562757085,-162.396428261274
6.44452302856037,-162.396370236904
6.44450719739117,-162.396370317683
6.44450719739117,-162.396370317683
6.44442435105579,-162.395606112723
6.44442101076296,-162.395596562762
6.44441112575431,-162.395602888291
6.44441112575431,-162.395602888291
6.4436587778069,-162.39556155635
6.44365265332988,-162.395554954122
6.44364610708796,-162.395561621014
6.44364610708796,-162.395561621014
6.4433300535001,-162.394320496379
6.44331959626577,-162.394298482303
6.44331959626577,-162.394298482303
6.44332978276886,-162.394267501654
6.44284163157974,-162.394481608708
6.44283388554946,-162.394490139972
6.4428248600239,-162.394481694325
6.4428248600239,-162.394481694325
6.44286280255761,-162.393307040858
6.44286280255761,-162.393307040858
6.4428729878953,-162.393299588917
6.44289978461009,-162.393306851982
6.44204107408519,-162.393175723031
6.4420136935712,-162.393146770517
6.44199564904166,-162.393175955008
6.44199564904166,-162.393175955008
6.44179002906786,-162.392864505174
6.44178628231906,-162.392855834109
6.44176836973747,-162.392860915841
6.44176836973747,-162.392860915841
6.4418746893027,-162.392471773089
6.44186511767765,-162.392453879146
6.44186511767765,-162.392453879146
6.44187449025003,-162.392432828117
6.44173700566275,-162.392055258762
6.44174321767444,-162.392047959465
6.44172512930393,-162.392048051874
6.44172512930393,-162.392048051874
6.44072596909572,-162.391917642142
6.44069713339007,-162.39193393464
6.44067769115793,-162.391917888756
6.44067769115793,-162.391917888756
6.44074046008173,-162.391570413268
6.44072250174901,-162.391556289744
6.44073165560743,-162.39151107172
6.44073165560743,-162.39151107172
6.44056768413496,-162.391340355785
6.44053865029735,-162.391331372832
6.44053865029735,-162.391331372832
6.44055834292138,-162.391300911766
6.44034852320376,-162.391377515438
6.44031060217631,-162.391377709176
6.44031060217631,-162.391377709176
6.440333088661,-162.391431973999
6.43979614968133,-162.390981373246
6.43978849925286,-162.390968134486
6.43976906804289,-162.390973935301
6.43976906804289,-162.390973935301
6.43842708891579,-162.389820923961
6.43843585445952,-162.389806300051
6.43841218021676,-162.389806421039
6.43841218021676,-162.389806421039
6.43820771824226,-162.389491269162
6.43819942283884,-162.389480261437
6.43817570583122,-162.389491432776
6.43817570583122,-162.389491432776
6.43799128481182,-162.38935686251
6.43797283801517,-162.389351034724
6.43796596555639,-162.389356991918
6.43796596555639,-162.389356991918
6.43819774520337,-162.389152240217
6.43847006815819,-162.38938965001
6.43847025817306,-162.389426802613
6.43783859315445,-162.388318712091
6.43779793516658,-162.388329981106
6.43776942236252,-162.388319065759
6.43776942236252,-162.388319065759
6.43761254240489,-162.388011700247
6.43762708641638,-162.387958426607
6.43753895532669,-162.388004048113
6.43753895532669,-162.388004048113
6.43796065668652,-162.38697024026
6.43796635148225,-162.386962932621
6.43795021982985,-162.386963015146
6.43795021982985,-162.386963015146
6.43678223913897,-162.386156467901
6.43678094153773,-162.38615592314
6.43678094153773,-162.38615592314
6.43678166801622,-162.386152379432
6.43660018537111,-162.385931380438
6.43659979321673,-162.38593046712
6.43659794131906,-162.38593100594
6.43659794131906,-162.38593100594
6.43630557296823,-162.386022843194
6.43628409845183,-162.386047258765
6.43628433352607,-162.386093178136
6.43628461850009,-162.386148846002
6.43623248678913,-162.38611355845
6.43623248678913,-162.38611355845
6.43623636231165,-162.386023197292
6.43623636231165,-162.386023197292
6.4365816120442,-162.386427967193
6.4365816120442,-162.386427967193
6.43661540078138,-162.386414671013
6.43592008779255,-162.385552431626
6.43592523802343,-162.385527912122
6.43590501660031,-162.385528015593
6.43590501660031,-162.385528015593
6.43583678548455,-162.385302511688
6.43582838169422,-162.385291350266
6.43581430268564,-162.385302626739
6.43581430268564,-162.385302626739
6.43578289020463,-162.38523142544
6.43576303767005,-162.385212547885
6.43576303767005,-162.385212547885
6.4358037811042,-162.385212339383
6.4357526146768,-162.385031918866
6.4357365971735,-162.385014973647
6.43572402478093,-162.385032065182
6.43572402478093,-162.385032065182
6.43566172482166,-162.385077554594
6.43564660935467,-162.385089464964
6.43564500199978,-162.385032469597
6.43564500199978,-162.385032469597
6.43568517369756,-162.384947811791
6.43574779856467,-162.384953115551
6.43566297580839,-162.384851695313
6.43566297580839,-162.384851695313
6.43568932523403,-162.384625707605
6.43568932523403,-162.384625707605
6.43568941775591,-162.384625464516
6.43568982439188,-162.38462570505
6.43581145216925,-162.384399229628
6.43581145216925,-162.384399229628
6.43582375231462,-162.384387410846
6.43584054120821,-162.38439908072
6.43564086365301,-162.383812885801
6.43564006525558,-162.383811809149
6.43563775012345,-162.383812901743
6.43563775012345,-162.383812901743
6.43519325663193,-162.383408643116
6.43517450717191,-162.383420439775
6.43513849686152,-162.383408923511
6.43513849686152,-162.383408923511
6.43512185412622,-162.383318667787
6.43509519612144,-162.383293781882
6.4353575883724,-162.38309160823
6.4353575883724,-162.38309160823
6.43536527287794,-162.383092638587
6.43536808997894,-162.383091554449
6.43538277649523,-162.38273011541
6.43537372480801,-162.38271980653
6.43531537373996,-162.382730460642
6.43531537373996,-162.382730460642
6.43590325669339,-162.383133984143
6.43590325669339,-162.383133984143
6.43594496353808,-162.383125896571
6.4359607604361,-162.383133689631
6.43513434695022,-162.381331104654
6.43513029951287,-162.381327011978
6.43512687063314,-162.381331142967
6.43512687063314,-162.381331142967
6.4337719538812,-162.380434680221
6.43377018059558,-162.38043306821
6.43376836602358,-162.38043469861
6.43376836602358,-162.38043469861
6.4334138321867,-162.380794602102
6.43341059914171,-162.380802503608
6.4334057604406,-162.380797918745
6.4334057604406,-162.380797918745
6.43301898068349,-162.380619219845
6.43300947438448,-162.38061276211
6.43291712561206,-162.380032529582
6.43289848141604,-162.380021542129
6.43287525717337,-162.380032744168
6.43287525717337,-162.380032744168
6.43286311201449,-162.379774169821
6.43287669669008,-162.379761715894
6.43284489135482,-162.379761878921
6.43284489135482,-162.379761878921
6.43280742881502,-162.379681754999
6.43282682793503,-162.379671631232
6.43277844014588,-162.379671879262
6.43277844014588,-162.379671879262
6.43276280360392,-162.379671959413
6.43272696573224,-162.379658567812
6.43271569817653,-162.379672200868
6.43271569817653,-162.379672200868
6.43254728826658,-162.379865312782
6.43253380412152,-162.379898983785
6.43253380412152,-162.379898983785
6.43255555179873,-162.379906922662
6.43017905836041,-162.376232343366
6.43017890929819,-162.37620330799
6.43017847999206,-162.376119686554
6.43017842564137,-162.376109100167
6.43004283484073,-162.376101734539
6.43004064053391,-162.376117493459
6.43004064053391,-162.376117493459
6.43004294710659,-162.37612360204
6.42999080302674,-162.37575639113
6.42995050172145,-162.37571911454
6.429909239542,-162.375756809654
6.429909239542,-162.375756809654
6.42972737280068,-162.375622233677
6.42972407384808,-162.375620508218
6.42972156220272,-162.375622263493
6.42972156220272,-162.375622263493
6.42959172982872,-162.376164966296
6.42959073727757,-162.37616555586
6.42958957326029,-162.37616497736
6.42958957326029,-162.37616497736
6.42953145754883,-162.376270833261
6.42912815672439,-162.373961354198
6.42912229748576,-162.373954061864
6.42912229748576,-162.373954061864
6.42913412274022,-162.373954001151
6.42921760106761,-162.373781473694
6.4292235385585,-162.373772863629
6.42921077842692,-162.373772929146
6.42921077842692,-162.373772929146
6.42823227029518,-162.373010071334
6.42821949747917,-162.37299317631
6.42820339937655,-162.373010219593
6.42820339937655,-162.373010219593
6.42815470252137,-162.372965300176
6.42813958769267,-162.37295472503
6.42776486777162,-162.372450731677
6.42776008458518,-162.372425293299
6.42776008458518,-162.372425293299
6.42777182157767,-162.372425233018
6.42724151204516,-162.371976262818
6.42721211441901,-162.371976413818
6.42721211441901,-162.371976413818
6.42722010858564,-162.371954802619
6.4271720669892,-162.37139892379
6.42717991355935,-162.371389377625
6.42715860718482,-162.371389487088
6.42715860718482,-162.371389487088
6.42684151169483,-162.37152662409
6.42670356138694,-162.371120809055
6.42667349062534,-162.371097309223
6.42664877594126,-162.371121090526
6.42664877594126,-162.371121090526
6.42640344871168,-162.370851335356
6.42640111442505,-162.370850035059
6.42639917420128,-162.370851357318
6.42639917420128,-162.370851357318
6.42648998204588,-162.370558172784
6.4264783643309,-162.370534765646
6.4264783643309,-162.370534765646
6.42649786715363,-162.37052662627
6.4262205927096,-162.370581259454
6.42621972776115,-162.370581991723
6.42621801145741,-162.370581272718
6.42621801145741,-162.370581272718
6.42613530540805,-162.370491359251
6.42617266022442,-162.370357302764
6.4261735452857,-162.370355655097
6.42617046488167,-162.370355670927
6.42617046488167,-162.370355670927
6.42651631487231,-162.370218385893
6.42651631487231,-162.370218385893
6.42653339913896,-162.370214548691
6.42653634714805,-162.370218282941
6.42626215178523,-162.369994838505
6.42626114948298,-162.369991921332
6.42625832168636,-162.369993865703
6.42625832168636,-162.369993865703
6.42589697646792,-162.369466936948
6.42591089287363,-162.369453621233
6.42587734765649,-162.369453793667
6.42587734765649,-162.369453793667
6.42476301135652,-162.367927324972
6.42476194323606,-162.36792126529
6.42475344026556,-162.367923823306
6.42475344026556,-162.367923823306
6.4245773707369,-162.367665591516
6.4245658291402,-162.367653774165
6.4245658291402,-162.367653774165
6.42459409323498,-162.367653628809
6.42453119863231,-162.367473596173
6.42453089087723,-162.367473277956
6.42453089087723,-162.367473277956
6.42453154446193,-162.367473274594
6.42386455408527,-162.367397868749
6.42383481332879,-162.367386519947
6.42383481332879,-162.367386519947
6.42385288677348,-162.367366445053
6.42403020982601,-162.366753150321
6.42403020982601,-162.366753150321
6.42403046447939,-162.366752796129
6.42403092132286,-162.366753146661
6.42366738493974,-162.366440510837
6.42366603605004,-162.366438841589
6.42366603605004,-162.366438841589
6.42366840788508,-162.366437792797
6.42326095254239,-162.366486083239
6.42326089192887,-162.366486094578
6.4232234998207,-162.366387722743
6.42326039350016,-162.366375336492
6.42326541025793,-162.36634539296
6.42324117980893,-162.366350689526
6.42324117980893,-162.366350689526
6.42317003585527,-162.366377345165
6.42316282226788,-162.366396261423
6.42316282226788,-162.366396261423
6.42308036754433,-162.366441479443
6.42307968831263,-162.366441857874
6.42307968831263,-162.366441857874
6.4230800025482,-162.366442363524
6.42314186322797,-162.366531875669
6.42312257734614,-162.365935517338
6.42310782060568,-162.365899687604
6.42310782060568,-162.365899687604
6.4231401964493,-162.365899521029
6.42321168718433,-162.365718478031
6.42321168718433,-162.365718478031
6.42321182720437,-162.365718356008
6.42321191377303,-162.365718565085
6.42301473232579,-162.365719491441
6.42297700500838,-162.365710830452
6.42295047152489,-162.365719822081
6.42295047152489,-162.365719822081
6.42289615437285,-162.365837798386
6.42288530611442,-162.365855663662
6.42288530611442,-162.365855663662
6.42291007887382,-162.365855536207
6.42281819112624,-162.365720502691
6.4228051136697,-162.36570712742
6.42277745382649,-162.36572071229
6.42277745382649,-162.36572071229
6.42271452534205,-162.365664321499
6.42272965216125,-162.365630620743
6.42267586800867,-162.365630897475
6.42267586800867,-162.365630897475
6.42271391113693,-162.365545028896
6.42271890344399,-162.365540338566
6.42270874394016,-162.365540390841
6.42270874394016,-162.365540390841
6.42235363936691,-162.365316374433
6.42234862028609,-162.365316400259
6.42234862028609,-162.365316400259
6.42235123125315,-162.365310376829
6.42231164592477,-162.364593891588
6.42230230300938,-162.364583287104
6.42229275268134,-162.36459398883
6.42229275268134,-162.36459398883
6.42225683039665,-162.364527236759
6.42227083499464,-162.36450376431
6.42224145132888,-162.36450391555
6.42224145132888,-162.36450391555
6.42207613947452,-162.3642789232
6.42207480781007,-162.364277386205
6.4220715092384,-162.364278947034
6.4220715092384,-162.364278947034
6.42189472298116,-162.364403750923
6.42188494870379,-162.364415413185
6.42188494870379,-162.364415413185
6.42190178747601,-162.364422295895
6.42166567504509,-162.363796410906
6.42165426673195,-162.363784240154
6.42165426673195,-162.363784240154
6.42168510094906,-162.363784081419
6.42163490176556,-162.36375379371
6.42160315938831,-162.363739334676
6.42160315938831,-162.363739334676
6.42162009549146,-162.363719607537
6.42153722434749,-162.363657155457
6.42152166630647,-162.363649417067
6.42152166630647,-162.363649417067
6.42154224130287,-162.363636375907
6.42156648860043,-162.36361188034
6.42156720095665,-162.363604014077
6.42156720095665,-162.363604014077
6.42157435090227,-162.363610770197
6.42175047305171,-162.362715435364
6.42176354081637,-162.36269963185
6.42173714381554,-162.362699767799
6.42173714381554,-162.362699767799
6.42095206403571,-162.362342463047
6.42091793988151,-162.362342638795
6.42066719319252,-162.362704086809
6.42066603031983,-162.362709617552
6.42066154046494,-162.362705306882
6.42066154046494,-162.362705306882
6.4206003105613,-162.362705622172
6.42057574356819,-162.362725333431
6.4205620663463,-162.362705819101
6.4205620663463,-162.362705819101
6.42054804278203,-162.362733625355
6.4197207611748,-162.36150041979
6.41968472498963,-162.361490791001
6.41968472498963,-162.361490791001
6.41965217552027,-162.361490958659
6.41971067202708,-162.361448841359
6.41984598735651,-162.361403031142
6.41985929947489,-162.361354386755
6.41979968560441,-162.36118616172
6.41981092142785,-162.361173962645
6.41977810446737,-162.361174131704
6.41977810446737,-162.361174131704
6.41972353216397,-162.361084076202
6.41969763148749,-162.361095424521
6.41967842401391,-162.361084308586
6.41967842401391,-162.361084308586
6.4196767890405,-162.360993980388
6.41966306012399,-162.360977818758
6.41964660571426,-162.360994135888
6.41964660571426,-162.360994135888
6.41978302684809,-162.360857928116
6.41978302684809,-162.360857928116
6.4197980324886,-162.360865503834
6.41980749340262,-162.360857802059
6.41957049488351,-162.36055156777
6.41956037193611,-162.360497728965
6.41956037193611,-162.360497728965
6.41958106039869,-162.360497622363
6.41916293756444,-162.360376391159
6.41913616098575,-162.360364410014
6.4191543193696,-162.360319148211
6.4191543193696,-162.360319148211
6.41907165509687,-162.36019895646
6.41905884867337,-162.360184135462
6.41905884867337,-162.360184135462
6.41909927693125,-162.360183927138
6.41889890331413,-162.360192976557
6.41888049151886,-162.360139886304
6.41888049151886,-162.360139886304
6.41889569065219,-162.360134713329
6.41884624403252,-162.360297445749
6.418827341319,-162.360320833004
6.418827341319,-162.360320833004
6.41888886894307,-162.360320515982
6.41871022193674,-162.360206145072
6.41876037268834,-162.359966040902
6.41874281808881,-162.359959922943
6.41874281808881,-162.359959922943
6.41875401893922,-162.359937203937
6.41871322737086,-162.359829522173
6.41867528230189,-162.359836907573
6.41865689461176,-162.359824861177
6.41865689461176,-162.359824861177
6.41915608950161,-162.359912625011
6.41915608950161,-162.359912625011
6.41916057168937,-162.359917586296
6.4191641125458,-162.35990899976
6.41919059838919,-162.359867278942
6.41919059838919,-162.359867278942
6.41920542123456,-162.359852778712
6.41921671128645,-162.359867144364
6.41935145891842,-162.360900236206
6.41933388531014,-162.360905410377
6.41933388531014,-162.360905410377
6.41934650561265,-162.360925856345
6.41939173222327,-162.36104061721
6.41939173222327,-162.36104061721
6.41939228294375,-162.361040989305
6.41939291528834,-162.361040611116
6.41816515401477,-162.359646700597
6.41812004589204,-162.359665646504
6.41809799250507,-162.359647068751
6.41809799250507,-162.359647068751
6.41802895108981,-162.359524612701
6.41804464327342,-162.359511839329
6.41800888937854,-162.359512023584
6.41800888937854,-162.359512023584
6.41808028006525,-162.359466487563
6.41808028006525,-162.359466487563
6.41811909390531,-162.359481042158
6.41816996125422,-162.359466025384
6.41816350820701,-162.35933184449
6.41816350081376,-162.35933041097
6.41816192413507,-162.359330562452
6.41816192413507,-162.359330562452
6.41817322965463,-162.359194999844
6.41816275020705,-162.359184875593
6.41814782826319,-162.359195130766
6.41814782826319,-162.359195130766
6.41828811510227,-162.359149239581
6.41828811510227,-162.359149239581
6.41834345864729,-162.359179731722
6.4183577365874,-162.359148880726
6.41843133746722,-162.359148501356
6.41843133746722,-162.359148501356
6.41843734336799,-162.359152131488
6.41843360515046,-162.359136888868
6.41792431400225,-162.359557627533
6.41772577335444,-162.359423146398
6.41770600874593,-162.359423248252
6.41770600874593,-162.359423248252
6.41769966819249,-162.359410875144
6.41768618547432,-162.359397535353
6.41775268618826,-162.359332671546
6.41775485394767,-162.359242324219
6.41775485394767,-162.359242324219
6.41775736899166,-162.359242311257
6.41775630972775,-162.359226216768
6.41765324965926,-162.359288015923
6.41765324965926,-162.359288015923
6.41757549982105,-162.359211688248
6.4174953468243,-162.359153325516
6.4174953468243,-162.359153325516
6.4174441235042,-162.359194500991
6.41744641230397,-162.359198745755
6.41743322762736,-162.359198813703
6.41743322762736,-162.359198813703
6.41739368099726,-162.359001528638
6.41736632708371,-162.358973318296
6.41736632708371,-162.358973318296
6.41732599538304,-162.358973526162
6.41742914801617,-162.35897299452
6.41747422102528,-162.358937088724
6.41746629324245,-162.358927635033
6.41746629324245,-162.358927635033
6.41749382910659,-162.35892749311
6.4173282033,-162.358747674661
6.41730192917595,-162.358733121659
6.41728513318813,-162.358747896658
6.41728513318813,-162.358747896658
6.41726569535782,-162.358648276548
6.41725618942301,-162.358625322502
6.41720148055515,-162.358657991811
6.41720148055515,-162.358657991811
6.41708488835784,-162.35852308879
6.41680107696883,-162.357990387672
6.41680703174988,-162.357982505513
6.41679268884315,-162.357982579457
6.41679268884315,-162.357982579457
6.41675512691905,-162.357841843837
6.41672883660425,-162.357802236892
6.41672883660425,-162.357802236892
6.41679039444266,-162.357801919516
6.41683609124535,-162.357756515971
6.41683609124535,-162.357756515971
6.41684509434488,-162.357764321011
6.41685182404052,-162.357756434855
6.41697882948776,-162.357800947977
6.41697882948776,-162.357800947977
6.41698084368117,-162.357802746074
6.41698297709945,-162.357800926592
6.41714533374183,-162.357754921515
6.41714533374183,-162.357754921515
6.41716126709882,-162.357742400525
6.41720499150752,-162.35775461391
6.41733417402596,-162.357573275885
6.41733417402596,-162.357573275885
6.41734316193952,-162.35757118948
6.41734455787808,-162.357576629787
6.41693638380313,-162.357394655319
6.41693406166297,-162.357395174551
6.4169334137391,-162.357394670635
6.4169334137391,-162.357394670635
6.41689359493361,-162.357304540102
6.41687992767607,-162.357304610582
6.41687992767607,-162.357304610582
6.41688780617689,-162.357285272132
6.41685196169171,-162.357224067855
6.41684915153669,-162.357207508278
6.41682783149537,-162.357214543384
6.41682783149537,-162.357214543384
6.41666839384977,-162.357125029771
6.41666101412771,-162.357115970289
6.41665137320771,-162.357125117546
6.41665137320771,-162.357125117546
6.41657214106527,-162.357035190353
6.41657022444617,-162.357034130587
6.41656240631764,-162.357035240556
6.41656240631764,-162.357035240556
6.41647994191343,-162.357050563731
6.41646302232194,-162.357080920965
6.41646302232194,-162.357080920965
6.41648704182624,-162.357087700199
6.41645258361301,-162.357108620277
6.41644412982976,-162.357135118401
6.41642077825404,-162.357126306695
6.41642077825404,-162.357126306695
6.41634842112094,-162.357036344073
6.41647959023354,-162.356982416736
6.41646986542093,-162.356945382028
6.41646986542093,-162.356945382028
6.41649160727497,-162.356945269902
6.41659393779224,-162.356854406381
6.41659393779224,-162.356854406381
6.4166146293133,-162.356883224318
6.41663757041369,-162.356854181347
6.41636269967426,-162.356745392012
6.4163241445324,-162.356765462071
6.4163241445324,-162.356765462071
6.41634318644061,-162.356817170168
6.4162518428918,-162.356628015667
6.41622069667956,-162.356585324194
6.41622069667956,-162.356585324194
6.41616478247096,-162.356544182997
6.41611358053111,-162.356588379857
6.41604818746236,-162.356495878271
6.41604818746236,-162.356495878271
6.41603037881532,-162.356366267014
6.41601640034267,-162.356360538754
6.41601640034267,-162.356360538754
6.41604440122185,-162.356340434914
6.4160348645356,-162.356315275697
6.4160348645356,-162.356315275697
6.41599265540981,-162.356328946717
6.41596873574739,-162.356270448978
6.41596873574739,-162.356270448978
6.41598624496706,-162.356262970374
6.41593332876876,-162.356196241466
6.41592381231372,-162.356180345084
6.41592381231372,-162.356180345084
6.41594304739002,-162.356180245865
6.41588760741693,-162.356092070877
6.41588993628428,-162.356090184223
6.41588445394321,-162.356090212503
6.41588445394321,-162.356090212503
6.41579685189751,-162.3559105446
6.41579491037666,-162.355910003252
6.41579491037666,-162.355910003252
6.41579628432704,-162.355906908522
6.41599479641481,-162.355863804294
6.41599479641481,-162.355863804294
6.41602180605182,-162.355830119921
6.41604122256886,-162.355863564785
6.41609004974094,-162.355998816319
6.41609004974094,-162.355998816319
6.41611311786868,-162.356013087942
6.41613414011398,-162.355998588869
6.41606934947416,-162.356287253888
6.41610553931482,-162.356314911151
6.41631333945455,-162.35658484637
6.41633685394144,-162.357253663852
6.41635099567095,-162.357262170181
6.41661181955902,-162.357486664767
6.41661181955902,-162.357486664767
6.41661777102093,-162.357492037468
6.41662142193962,-162.357486615255
6.41659086368322,-162.357577108644
6.41656222200246,-162.357577256321
6.41656222200246,-162.357577256321
6.41657337488517,-162.357644675003
6.41670814539837,-162.357621671855
6.41670814539837,-162.357621671855
6.41670921192658,-162.357622063339
6.41670933951797,-162.357621136386
6.41787728796728,-162.357841483311
6.41787728796728,-162.357841483311
6.41788475385353,-162.3578485354
6.4178936798581,-162.357841398785
6.41767730564009,-162.359107219679
6.41633887877363,-162.355681357853
6.4163373144833,-162.355679634638
6.41633460982952,-162.355681379879
6.41633460982952,-162.355681379879
6.41603553675675,-162.355637755122
6.41602070906972,-162.35561764065
6.41597589287933,-162.355638062846
6.41597589287933,-162.355638062846
6.41570577890289,-162.355684624188
6.41570477179899,-162.355685059448
6.41570454620383,-162.355684630547
6.41570454620383,-162.355684630547
6.41561802346167,-162.355459238137
6.41538365572651,-162.35478310796
6.41538408226106,-162.354782929322
6.41538321633887,-162.354782933791
6.41538321633887,-162.354782933791
6.41524694583847,-162.35452501449
6.41525675725637,-162.354512580233
6.41523616816833,-162.354512686492
6.41523616816833,-162.354512686492
6.41551167200532,-162.354511264607
6.41551167200532,-162.354511264607
6.41551793820826,-162.354503888103
6.41552605072266,-162.354511190396
6.41498739941856,-162.354333299707
6.41496988242563,-162.354333390113
6.41496988242563,-162.354333390113
6.41497474290164,-162.354311740572
6.41492827925468,-162.354063900171
6.41492197503091,-162.354017463855
6.41492197503091,-162.354017463855
6.41493871710222,-162.354017377438
6.41504823635477,-162.353941429798
6.41505008877269,-162.353913510247
6.41481176633795,-162.354108367968
6.41434930783807,-162.353252570854
6.41433267884288,-162.353252656704
6.41433267884288,-162.353252656704
6.4143366338668,-162.353239381547
6.4136581315303,-162.352626209091
6.41365572384459,-162.352628316694
6.41365351092036,-162.352623817989
6.41365351092036,-162.352623817989
6.41347608548524,-162.352714418401
6.41347544452193,-162.352716329418
6.41347378891684,-162.352715080864
6.41347378891684,-162.352715080864
6.41320108099207,-162.352084938782
6.41320173322378,-162.352084141455
6.41320024681909,-162.352084149131
6.41320024681909,-162.352084149131
6.41307434841593,-162.351994464457
6.41306501454884,-162.351985095431
6.41305950367392,-162.351994541116
6.41305950367392,-162.351994541116
6.41289156324726,-162.351814738827
6.41288334880322,-162.351804790612
6.41284997701699,-162.351814953589
6.41284997701699,-162.351814953589
6.41283781821945,-162.351737627554
6.41282584629323,-162.35172474346
6.41282584629323,-162.35172474346
6.41285170255765,-162.351724609928
6.41310537508675,-162.351497462867
6.41310537508675,-162.351497462867
6.41310768825903,-162.351499479923
6.41311011282709,-162.351497438396
6.41276168496068,-162.351363735941
6.41274548297901,-162.351356795308
6.41273343225672,-162.351363881867
6.41273343225672,-162.351363881867
6.41336802500784,-162.35199294785
6.41336802500784,-162.35199294785
6.41338128724961,-162.351982822549
6.4133878832626,-162.351992845295
6.41193269645216,-162.350012999776
6.41192525970649,-162.350017989395
6.41192087969208,-162.350013060834
6.41192087969208,-162.350013060834
6.41143688899947,-162.350151063095
6.41142629103665,-162.350153764363
6.41142551071276,-162.350151121879
6.41142551071276,-162.350151121879
6.41138883197245,-162.350191604564
6.41076694613358,-162.349160847536
6.41074601202644,-162.349151814233
6.41073355587954,-162.349161020088
6.41073355587954,-162.349161020088
6.41025747511239,-162.348982812047
6.41024818297357,-162.348994846535
6.41023365408673,-162.348982935146
6.41023365408673,-162.348982935146
6.41007147743502,-162.348942906752
6.41002179427103,-162.348903620294
6.40898750961979,-162.347915402838
6.4089616401371,-162.347905501914
6.4089616401371,-162.347905501914
6.40897725356332,-162.347874368972
6.40752477094286,-162.34682892592
6.40752477094286,-162.34682892592
6.40752626854224,-162.346604540128
6.40752479888186,-162.346600853671
6.40752225683627,-162.346603105301
6.40752225683627,-162.346603105301
6.40667249715042,-162.346291331872
6.40595904995343,-162.345843354574
6.40588160255991,-162.345856491171
6.40587800477214,-162.345798607054
6.40587800477214,-162.345798607054
6.40554513494729,-162.345633059785
6.40553932283323,-162.345611984196
6.40552082549203,-162.345619787694
6.40552082549203,-162.345619787694
6.40545854367288,-162.345574943212
6.40543413256226,-162.345575069428
6.40543413256226,-162.345575069428
6.40544096261245,-162.345556233118
6.40514964663072,-162.345324551987
6.40516844915005,-162.345282993362
6.40515869622771,-162.345260328237
6.40515869622771,-162.345260328237
6.40517990840764,-162.345260218553
6.40495501157805,-162.344990382794
6.40489598267797,-162.34501883987
6.40488117710245,-162.344990764601
6.40488117710245,-162.344990764601
6.40463184783627,-162.344856554669
6.40453990770569,-162.344766697319
6.40453315119787,-162.344754977529
6.40450880093251,-162.344766858179
6.40450880093251,-162.344766858179
6.4048934396935,-162.344674536225
6.4048934396935,-162.344674536225
6.40489498248069,-162.344675300133
6.40489687577825,-162.344674518455
6.40560437396019,-162.345167690648
6.40560437396019,-162.345167690648
6.40563775308166,-162.345167518033
6.40561996508749,-162.34522179659
6.40403544626626,-162.344362808866
6.40403411607202,-162.344364756486
6.40403202672844,-162.344362826551
6.40403202672844,-162.344362826551
6.40389790030977,-162.344236059879
6.40389109133108,-162.34422805646
6.40389109133108,-162.34422805646
6.40390510591937,-162.34422798398
6.40375017670182,-162.344183618931
6.40371705051047,-162.344213474741
6.40369221554325,-162.34418391869
6.40369221554325,-162.34418391869
6.40350390430245,-162.343959061196
6.40349578327262,-162.343965035681
6.40348153391343,-162.343959176895
6.40348153391343,-162.343959176895
6.40340885739947,-162.344013838298
6.40335419420347,-162.343944805795
6.40328068365052,-162.34391504942
6.40328068365052,-162.34391504942
6.40325765563937,-162.344005501013
6.40325765563937,-162.344005501013
6.40329517427665,-162.344110327342
6.40326879896266,-162.344136961425
6.40319183927085,-162.344096173884
6.40316683252613,-162.344096303205
6.40316683252613,-162.344096303205
6.40312817675675,-162.343925222061
6.4031211512327,-162.343915874493
6.4031211512327,-162.343915874493
6.40314835309572,-162.343915733811
6.40303804152641,-162.343969895101
6.40292150333657,-162.34387174079
6.40297585818352,-162.343706430972
6.40302639741927,-162.343690533423
6.40308122794667,-162.343735416056
6.40308122794667,-162.343735416056
6.40308311401507,-162.34373430361
6.40308506665184,-162.343735396202
6.40293794513156,-162.343645824697
6.40293794513156,-162.343645824697
6.40276850372699,-162.343691867252
6.40276552790036,-162.343696624211
6.40276186872382,-162.343691901568
6.40276186872382,-162.343691901568
6.40280842106167,-162.343510996022
6.40280842106167,-162.343510996022
6.40280974638711,-162.343510239338
6.40281054448295,-162.343510985039
6.40267455816542,-162.343467106638
6.40267320938772,-162.343466529189
6.40267320938772,-162.343466529189
6.40267502398388,-162.343465461221
6.40271789193714,-162.343285633361
6.40271789193714,-162.343285633361
6.40271821534672,-162.343285245747
6.40271842692892,-162.343285630594
6.40231012984522,-162.34300769262
6.40232517637442,-162.34297150173
6.40229246466915,-162.342971670945
6.40229246466915,-162.342971670945
6.40228661954947,-162.342881368931
6.40228661954947,-162.342881368931
6.4023094062007,-162.342867908522
6.40233185115883,-162.342881134943
6.40222782011177,-162.342881673105
6.40221908604289,-162.342876833377
6.40220998889688,-162.342881765347
6.40220998889688,-162.342881765347
6.40199266364051,-162.342778994305
6.40201398096495,-162.342725690366
6.40201617575571,-162.342723484664
6.40201530394493,-162.342702108057
6.40201530394493,-162.342702108057
6.40204798255112,-162.342701939003
6.40198929125076,-162.342657076536
6.401947282613,-162.342566057486
6.40185959923807,-162.342526042482
6.40185039649908,-162.342522296847
6.40185039649908,-162.342522296847
6.40184981534824,-162.342528298472
6.40182593113965,-162.34255241651
6.40216206374183,-162.342611016618
6.40216206374183,-162.342611016618
6.40217253314684,-162.342612263626
6.40217318274011,-162.342610959094
6.40244248183741,-162.342390097733
6.40244679500842,-162.342383712904
6.4024379097392,-162.342383758878
6.4024379097392,-162.342383758878
6.40257569046687,-162.342518544367
6.40257569046687,-162.342518544367
6.40257872175368,-162.342523435649
6.40258219861011,-162.342518510694
6.40380001032121,-162.343415534274
6.40380001032121,-162.343415534274
6.40380468557128,-162.343414098641
6.4038033078068,-162.343419641284
6.40366864822859,-162.343591563935
6.40367357891478,-162.343596853406
6.40366167120883,-162.343596915002
6.40366167120883,-162.343596915002
6.4034890583704,-162.343812369669
6.40349963453301,-162.343823584479
6.40346623889923,-162.343823757209
6.40346623889923,-162.343823757209
6.40341153395913,-162.343869206411
6.40389436485373,-162.343821542773
6.40389436485373,-162.343821542773
6.40389576454727,-162.343823432165
6.40389737073648,-162.343821527225
6.40090991919347,-162.341488344659
6.40090154909343,-162.341481363873
6.4009448059351,-162.341307500324
6.4009448059351,-162.341307500324
6.4009458224857,-162.341305697688
6.40095126994934,-162.341307466872
6.40058091845495,-162.340641708725
6.40057471247035,-162.34063192697
6.40057471247035,-162.34063192697
6.40058080290638,-162.340619402048
6.40021930124651,-162.340724098279
6.40021930124651,-162.340724098279
6.40017193683279,-162.34019119673
6.40017751117746,-162.340182324367
6.40016285685097,-162.340182400227
6.40016285685097,-162.340182400227
6.40009851544393,-162.340092401632
6.4000809733402,-162.340075897089
6.40005763555669,-162.340092613257
6.40005763555669,-162.340092613257
6.39982716350301,-162.33995830891
6.39979094410304,-162.33995849641
6.39979507277101,-162.339913309239
6.39979507277101,-162.339913309239
6.39998747038649,-162.339470480038
6.39999316096954,-162.339460625688
6.39998155113169,-162.339460685802
6.39998155113169,-162.339460685802
6.39952368379609,-162.339282393484
6.3994895691999,-162.339299198529
6.39947590421749,-162.339282640879
6.39947590421749,-162.339282640879
6.39935448748279,-162.33938941344
6.3993482638115,-162.339418798983
6.3993482638115,-162.339418798983
6.39936656378387,-162.339418704235
6.39899109734619,-162.339017773615
6.39899486765768,-162.339014137309
6.39898103513325,-162.339014208933
6.39898103513325,-162.339014208933
6.39831291689882,-162.338837005698
6.39831241140154,-162.338836313629
6.39831196274156,-162.338837010638
6.39831196274156,-162.338837010638
6.3980379248855,-162.337980283333
6.3980368702811,-162.337978998665
6.39803597796479,-162.337980293416
6.39803597796479,-162.337980293416
6.39696052773219,-162.337172884552
6.39694837118687,-162.337186642709
6.39693463315102,-162.337173018683
6.39693463315102,-162.337173018683
6.39693515819116,-162.336992354192
6.39693515819116,-162.336992354192
6.39694729289685,-162.336978640253
6.39697844818861,-162.33699212994
6.39569610164134,-162.336501953584
6.395667984387,-162.336502099235
6.395667984387,-162.336502099235
6.39567950806661,-162.336465210406
6.39536164886571,-162.336160734282
6.39534689934449,-162.336142440249
6.39534689934449,-162.336142440249
6.39536927899006,-162.336134561528
6.39510454285133,-162.336324356771
6.39508526119002,-162.33632445665
6.39508526119002,-162.33632445665
6.3950914744259,-162.336338825301
6.39422878087896,-162.335525303661
6.39423589666108,-162.335515883118
6.39422093904305,-162.335515960612
6.39422093904305,-162.335515960612
6.39369470149634,-162.335347057284
6.39364067851244,-162.335385599581
6.39362024163697,-162.335338412228
6.39362024163697,-162.335338412228
6.39341361475788,-162.335163960828
6.39341661052492,-162.335158806899
6.39340330751413,-162.335158875821
6.39340330751413,-162.335158875821
6.39332361146152,-162.335114741151
6.39332195365662,-162.335114132249
6.39332195365662,-162.335114132249
6.39332298436689,-162.335112936034
6.39332211499375,-162.334945269699
6.39331014067471,-162.334933533254
6.39331014067471,-162.334933533254
6.39333435303246,-162.334933407804
6.39233687148229,-162.334667585882
6.39231668532888,-162.334667690466
6.39231668532888,-162.334667690466
6.39232675972151,-162.334688500596
6.39223664069723,-162.334758435058
6.39223677121192,-162.334761268218
6.3922078518009,-162.33477477125
6.39218778578989,-162.33475868816
6.39218778578989,-162.33475868816
6.39223633435654,-162.334803601591
6.39223633435654,-162.334803601591
6.39223860667791,-162.334803589819
6.39220054324707,-162.334668292188
6.39219103520402,-162.334654591282
6.39217125126308,-162.334668443945
6.39217125126308,-162.334668443945
6.39211919194521,-162.334668713655
6.39210668525434,-162.334662802035
6.39209350147987,-162.334668846751
6.39209350147987,-162.334668846751
6.39202274766921,-162.334714378233
6.39196546852885,-162.334721676859
6.39194341197551,-162.334759954157
6.39194341197551,-162.334759954157
6.39197297327915,-162.334767067539
6.39193635282506,-162.334669660893
6.39193635282506,-162.334669660893
6.39196506709258,-162.334644250214
6.39209781400102,-162.334759154272
6.39209781400102,-162.334759154272
6.39210256119501,-162.334757773407
6.3921012506694,-162.334766700712
6.39124526437096,-162.334582911271
6.39124330856907,-162.334584398964
6.39124013510261,-162.334582937842
6.39124013510261,-162.334582937842
6.39114842795856,-162.333998717982
6.39114623670638,-162.333996281438
6.39114623670638,-162.333996281438
6.39115164173925,-162.333996253432
6.3901571473137,-162.334527769145
6.39015092420943,-162.334543414974
6.39015092420943,-162.334543414974
6.39015727494155,-162.334552390773
6.38993278160956,-162.334826581846
6.38995880883842,-162.334860563203
6.38990269573019,-162.334860853792
6.38990269573019,-162.334860853792
6.38950108561817,-162.334772604094
6.38947027139384,-162.334772763664
6.38947027139384,-162.334772763664
6.38948085950668,-162.334808633298
6.3894817729734,-162.334984898834
6.38948331270671,-162.334999975169
6.38947324517582,-162.334998571796
6.38947324517582,-162.334998571796
6.38947976207843,-162.334596885343
6.38948268775592,-162.334592040568
6.3894721148439,-162.334592095323
6.3894721148439,-162.334592095323
6.38885513768429,-162.334995906079
6.38884933163339,-162.335007955055
6.38883467857393,-162.335001878118
6.38883467857393,-162.335001878118
6.3881799968601,-162.334598786226
6.38816952783478,-162.33461037416
6.38816010301779,-162.33459888923
6.38816010301779,-162.33459888923
6.38726872426195,-162.335145401143
6.38726857574743,-162.335145479097
6.38726857574743,-162.335145479097
6.3872687362065,-162.335145577505
6.38713625616598,-162.335236492986
6.3871324946999,-162.335236512454
6.3871324946999,-162.335236512454
6.38713358072595,-162.335239605277
6.38735608173802,-162.335461177915
6.38735608173802,-162.335461177915
6.38740493579323,-162.335461818224
6.38740784878584,-162.335460910001
6.38740784878584,-162.335460910001
6.38746258896441,-162.335448982712
6.38700425834753,-162.335594103669
6.38700793508587,-162.33560647842
6.38698914696088,-162.335598570411
6.38698914696088,-162.335598570411
6.38589269132261,-162.335965559231
6.3858721792402,-162.335958112211
6.38586827486954,-162.335965685542
6.38586827486954,-162.335965685542
6.38578829460243,-162.33592093487
6.38578166190361,-162.335928864134
6.38577039729328,-162.335921027456
6.38577039729328,-162.335921027456
6.38569397210057,-162.336056916054
6.38569196630442,-162.336058337817
6.38567246775038,-162.336057027292
6.38567246775038,-162.336057027292
6.38562743707968,-162.336102424638
6.38560192845781,-162.336121709559
6.38557858762153,-162.33610267732
6.38557858762153,-162.33610267732
6.38411758475008,-162.337415389424
6.38411160236938,-162.337420029401
6.38411160236938,-162.337420029401
6.38412126203593,-162.337423618199
6.38411282246871,-162.337826502091
6.38411282246871,-162.337826502091
6.38411976059741,-162.337836026166
6.38417152794398,-162.337826198693
6.38417689902411,-162.337904910828
6.38414589094617,-162.337916659878
6.38414589094617,-162.337916659878
6.38416564576465,-162.33797177826
6.38396093532539,-162.337962780039
6.38393981962831,-162.337988988761
6.38392264770252,-162.337962977898
6.38392264770252,-162.337962977898
6.38412166718347,-162.338204663687
6.38413968315728,-162.33823284242
6.38410183675504,-162.338233037985
6.38410183675504,-162.338233037985
6.38398695139285,-162.338365805705
6.38398558419981,-162.338369131731
6.38398558419981,-162.338369131731
6.38398896511606,-162.338369114262
6.38394738290727,-162.33832416477
6.38393585028795,-162.338324224359
6.38393585028795,-162.338324224359
6.38394149666504,-162.338313267972
6.38381531049806,-162.338550668863
6.3838071986577,-162.33855522059
6.3838021618756,-162.338550736794
6.3838021618756,-162.338550736794
6.38362708961711,-162.338596805608
6.38362656565773,-162.338596808315
6.38362656565773,-162.338596808315
6.38362667743255,-162.33859602486
6.38359828579238,-162.338568715687
6.38361613423737,-162.338551697882
6.38356817816624,-162.338551945637
6.38356817816624,-162.338551945637
6.38371034409016,-162.338731868499
6.38371034409016,-162.338731868499
6.38371774388251,-162.338731477425
6.38371830827379,-162.338731827356
6.38313900776888,-162.340403947958
6.38313747906381,-162.340405907531
6.38313747906381,-162.340405907531
6.38314377210129,-162.340405875045
6.3827081771975,-162.344472058002
6.38270764664116,-162.344472920802
6.38270764664116,-162.344472920802
6.38270981970433,-162.344472909602
6.38236052556188,-162.347151664161
6.38235612288923,-162.347184600914
6.38235612288923,-162.347184600914
6.38236733569928,-162.347184543185
6.38227754497227,-162.347185005469
6.38222505895366,-162.347167864858
6.38221225365594,-162.347185341615
6.38221225365594,-162.347185341615
6.38236036952579,-162.347410401682
6.38236036952579,-162.347410401682
6.38236542889613,-162.347413926168
6.38236190026951,-162.347418465197
6.38223814743205,-162.347862676158
6.38222868039603,-162.347870785255
6.38221934541987,-162.347862772933
6.38221934541987,-162.347862772933
6.38231718969186,-162.347907433863
6.38231718969186,-162.347907433863
6.38231922023016,-162.347904380097
6.38232279334249,-162.34790740502
6.38235412801771,-162.348076743121
6.38229042839846,-162.348133394334
6.38229042839846,-162.348133394334
6.38226111855168,-162.348088380633
6.38222976312085,-162.348080977829
6.38218356644198,-162.348088779764
6.38218356644198,-162.348088779764
6.38221844879737,-162.348224093872
6.38221844879737,-162.348224093872
6.38223056441729,-162.3482365466
6.38224979836283,-162.348223932536
6.38227341463526,-162.348449633777
6.38227341463526,-162.348449633777
6.38227685526949,-162.348451567763
6.38228121893555,-162.348449593616
6.38215848284517,-162.348630883418
6.38214229940613,-162.34864465058
6.38212800470358,-162.348631040243
6.38212800470358,-162.348631040243
6.38223358210519,-162.348822501531
6.38225022525523,-162.348856234195
6.38220414401765,-162.348856471289
6.38220414401765,-162.348856471289
6.38214594637573,-162.349352930451
6.38214623248689,-162.349353866232
6.38214504519763,-162.349353585651
6.38214504519763,-162.349353585651
6.38214639153516,-162.349439398048
6.38214330406025,-162.349443923772
6.38214330406025,-162.349443923772
6.38214645153577,-162.34945105276
6.38212345713685,-162.350211823997
6.38210527371964,-162.35022924016
6.38207354815057,-162.350212080649
6.38207354815057,-162.350212080649
6.38132964514244,-162.357560413612
6.3813460984257,-162.357577663006
6.38129763418675,-162.357577911504
6.38129763418675,-162.357577911504
6.38004093230571,-162.361776738556
6.38003472946471,-162.361784709436
6.38003472946471,-162.361784709436
6.38004862844098,-162.361784638298
6.38001579235057,-162.362146125117
6.37999769369095,-162.362156516558
6.3799724352535,-162.362146346997
6.3799724352535,-162.362146346997
6.38012156114968,-162.362326243293
6.38012156114968,-162.362326243293
6.38014100869396,-162.362326143775
6.38013420409057,-162.36234369983
6.38020132333189,-162.363257052246
6.3801699017235,-162.363274458566
6.37991494168403,-162.363456422317
6.37991398475732,-162.363456967514
6.37991374482611,-162.363456428439
6.37991374482611,-162.363456428439
6.37989181422581,-162.363524210757
6.37986934458771,-162.363563194392
6.37984122721081,-162.363575291018
6.37983225969525,-162.363600245936
6.37981330666308,-162.363592436812
6.37981330666308,-162.363592436812
6.3798698528457,-162.363662486186
6.37984725899151,-162.363682592939
6.37999755761359,-162.36416820713
6.38001649486852,-162.364186943713
6.37993039677719,-162.364856455636
6.37993039677719,-162.364856455636
6.37978324330484,-162.365308857254
6.37978324330484,-162.365308857254
6.37975600029427,-162.365749630413
6.37972105536767,-162.365760824565
6.37972105536767,-162.365760824565
6.37974528443434,-162.365809140605
6.37970557557302,-162.365986728453
6.37970102831803,-162.36599057792
6.37969624888683,-162.365986776111
6.37969624888683,-162.365986776111
6.3797460675267,-162.366167181416
6.3797460675267,-162.366167181416
6.37977043333869,-162.366618706726
6.37977043333869,-162.366618706726
6.3797947188425,-162.366640316107
6.37983007231462,-162.366618402052
6.37981853345904,-162.366979780995
6.37981853345904,-162.366979780995
6.38000892492114,-162.368378924939
6.38000892492114,-162.368378924939
6.37990886845855,-162.368650426174
6.37989363465469,-162.368650503939
6.37989363465469,-162.368650503939
6.37989585583595,-162.368747350513
6.38002919273973,-162.368740142108
6.38002919273973,-162.368740142108
6.38003136713636,-162.368739304011
6.38003138679674,-162.368743152206
6.38003297243288,-162.369053532833
6.38002959442621,-162.369056295707
6.38002959442621,-162.369056295707
6.38003463295419,-162.369057912958
6.37994422364178,-162.36914706163
6.37994307754007,-162.369146207402
6.37994276754988,-162.369147069061
6.37994276754988,-162.369147069061
6.38061556900047,-162.371654813364
6.38088747886163,-162.372845796921
6.38088747886163,-162.372845796921
6.3809116741486,-162.373010842344
6.38091187473403,-162.373050162494
6.38093846908742,-162.373071363585
6.38097932803634,-162.373071155325
6.38097932803634,-162.373071155325
6.38100239294688,-162.373079495234
6.38100956409974,-162.373071001209
6.38099402862237,-162.37320657638
6.38099402862237,-162.37320657638
6.38103139965876,-162.373268686722
6.38102262534208,-162.373277552797
6.38098152791779,-162.373296970756
6.38098152791779,-162.373296970756
6.38100366124951,-162.373328129652
6.38100395585161,-162.373385885971
6.38100396569407,-162.373387815592
6.38100154669123,-162.373387199399
6.38100154669123,-162.373387199399
6.38106212193471,-162.373251394656
6.38086059550462,-162.373071760507
6.38086059550462,-162.373071760507
6.3810499475025,-162.373544171349
6.38104800977884,-162.37356762398
6.38104800977884,-162.37356762398
6.38105008568259,-162.373571263238
6.38111153632175,-162.373732524286
6.38106650361528,-162.373748191145
6.38106650361528,-162.373748191145
6.3810963682513,-162.373786599326
6.38109681930355,-162.373875042186
6.3810877840562,-162.373883578785
6.3810877840562,-162.373883578785
6.38109694655817,-162.37389999496
6.38118558261839,-162.373973411187
6.38118558261839,-162.373973411187
6.38118768291204,-162.373972099334
6.38118915116038,-162.373973393003
6.38096730435234,-162.373839027341
6.38096105934024,-162.373834450003
6.38095744260214,-162.373839077592
6.38095744260214,-162.373839077592
6.38123444057733,-162.374280630878
6.38122529602294,-162.374289366514
6.38122529602294,-162.374289366514
6.38126077186183,-162.374289185767
6.38119154255058,-162.374729040994
6.3811818365065,-162.37474124187
6.3811818365065,-162.37474124187
6.38119801293837,-162.374747532906
6.38132454780323,-162.375011507406
6.38132454780323,-162.375011507406
6.38133283763792,-162.375011465181
6.3813285794848,-162.375020109762
6.38137503674132,-162.375269815722
6.38137201138992,-162.375282258242
6.38137201138992,-162.375282258242
6.38138551891459,-162.375282189447
6.38192810269513,-162.377399757583
6.38192551734631,-162.377402218679
6.38192551734631,-162.377402218679
6.38193291367996,-162.377402181036
6.38253022333167,-162.380605903592
6.38253022333167,-162.380605903592
6.38253183069534,-162.380607439171
6.38253391875014,-162.380605884805
6.38251783167477,-162.380696298044
6.3824418088828,-162.380675700525
6.38240866790137,-162.380696852972
6.38240866790137,-162.380696852972
6.38253766743887,-162.382322164594
6.38253766743887,-162.382322164594
6.38254056194288,-162.382324090606
6.3825677382588,-162.382322011823
6.38258655845209,-162.382909071664
6.38258655845209,-162.382909071664
6.38260346158087,-162.382954151625
6.382589197944,-162.383002973603
6.38242152645136,-162.384671377306
6.38241696382506,-162.384676583071
6.38241292768083,-162.384671420951
6.38241292768083,-162.384671420951
6.38254564037627,-162.385393401513
6.38254564037627,-162.385393401513
6.38255625740882,-162.385412809995
6.38256824870253,-162.38539328679
6.38255701846726,-162.385562671804
6.38254960794624,-162.385574044989
6.38254960794624,-162.385574044989
6.38258408578658,-162.385573870047
6.38261115479996,-162.385791777326
6.38259224282103,-162.385799658224
6.38259224282103,-162.385799658224
6.38260348316008,-162.385814730013
6.38258909683961,-162.386161001572
6.38256017361538,-162.386184051039
6.38253872861265,-162.386161257085
6.38253872861265,-162.386161257085
6.38279664221814,-162.388508580143
6.38279664221814,-162.388508580143
6.38279731802806,-162.388509150115
6.3827983961741,-162.388508571253
6.38302435143166,-162.388733256246
6.38302435143166,-162.388733256246
6.38302496469013,-162.388734543282
6.38302708716226,-162.388733242381
6.38293842453192,-162.389489627876
6.38293066921807,-162.389501554141
6.38293066921807,-162.389501554141
6.38297136323558,-162.389501347955
6.38293951952443,-162.389705572657
6.38293158816035,-162.389727379893
6.38293158816035,-162.389727379893
6.3829726627609,-162.389727171798
6.3829978387824,-162.389772210341
6.3829978387824,-162.389772210341
6.38303001107546,-162.389729593865
6.38300717707794,-162.38995282742
6.38299407434679,-162.389960965472
6.38297932334218,-162.389952968523
6.38297932334218,-162.389952968523
6.38286749757255,-162.389998701101
6.38285047635744,-162.389967217377
6.38279678768982,-162.389999059293
6.38279678768982,-162.389999059293
6.38294879849389,-162.390898380631
6.3829479221022,-162.39090394262
6.38294319999198,-162.39090163986
6.38294319999198,-162.39090163986
6.38290195525931,-162.391208947531
6.38290721894536,-162.391217984982
6.3828856364149,-162.391218094261
6.3828856364149,-162.391218094261
6.38276705894757,-162.391625189832
6.38276705894757,-162.391625189832
6.38277084334934,-162.391627486321
6.38276858558579,-162.3916401897
6.38276878141604,-162.392212341046
6.38276878141604,-162.392212341046
6.3827715013199,-162.39221573459
6.3827813128621,-162.39221227762
6.38287012048207,-162.393973309896
6.38287012048207,-162.393973309896
6.38284977230247,-162.394154077742
6.38284977230247,-162.394154077742
6.38285603194724,-162.394244378556
6.38285603194724,-162.394244378556
6.38287261716392,-162.394337968316
6.38285974030728,-162.394379858525
6.38285974030728,-162.394379858525
6.38282780430664,-162.394470352515
6.38282780430664,-162.394470352515
6.3828537882118,-162.39448981043
6.38287373849016,-162.394559520951
6.38287339020663,-162.394560454486
6.38287339020663,-162.394560454486
6.38287400929452,-162.394560716002
6.38273847091759,-162.394616342988
6.38272852201457,-162.394651519531
6.38272852201457,-162.394651519531
6.38273878888177,-162.394679172739
6.3827841979655,-162.394723442248
6.38279135213849,-162.39474855847
6.38275880757353,-162.394741698882
6.38275880757353,-162.394741698882
6.38278474840838,-162.394832214485
6.3827733263951,-162.394877124222
6.3827733263951,-162.394877124222
6.38282137290002,-162.394876881292
6.38278541901432,-162.394964738105
6.38278245403003,-162.394967410583
6.38278245403003,-162.394967410583
6.38278709551473,-162.394969041154
6.38273701306941,-162.395234056194
6.3827462804203,-162.395238591029
6.38270397014055,-162.395238804924
6.38270397014055,-162.395238804924
6.38277354644868,-162.395599783368
6.38277354644868,-162.395599783368
6.38176197610801,-162.403915502021
6.38176197610801,-162.403915502021
6.38169362207551,-162.40427717823
6.38169362207551,-162.40427717823
6.38166756267968,-162.404312733647
6.38164436330527,-162.404322592831
6.38164436330527,-162.404322592831
6.38165803480416,-162.404356084567
6.38162988930963,-162.404458165196
6.38162069284281,-162.404465500346
6.38161019290409,-162.404458264399
6.38161019290409,-162.404458264399
6.38165983129119,-162.404712483932
6.38164530362797,-162.404729086535
6.38164530362797,-162.404729086535
6.38155695683302,-162.404819864442
6.3815247279577,-162.404802339472
6.38151647742607,-162.404820068289
6.38151647742607,-162.404820068289
6.38162150551794,-162.404955038895
6.38162150551794,-162.404955038895
6.3814814483457,-162.405180501522
6.38148076982174,-162.405181580069
6.38148076982174,-162.405181580069
6.38148289335038,-162.405181569377
6.38152281308289,-162.405271701392
6.38152281308289,-162.405271701392
6.38152860240028,-162.405270156033
6.3815271304071,-162.405279056704
6.38152111043642,-162.405497542527
6.38152111043642,-162.405497542527
6.38153297633811,-162.405502202336
6.38152849389431,-162.405549651953
6.38142561104984,-162.405633522846
6.38142561104984,-162.405633522846
6.38143883135842,-162.405690239732
6.38149163478698,-162.405685993175
6.38145082185275,-162.405768895483
6.38145082185275,-162.405768895483
6.38153000173267,-162.40584892772
6.38141301757913,-162.405949751864
6.38139049713111,-162.405949865221
6.38139049713111,-162.405949865221
6.38139568368236,-162.406094733676
6.38139271155549,-162.406401519364
6.38139271155549,-162.406401519364
6.38139558500028,-162.406448551543
6.3814242238908,-162.406446527314
6.38144654026812,-162.406446415005
6.38144654026812,-162.406446415005
6.38148765461861,-162.406412377291
6.38114316164783,-162.409788035338
6.38113984692509,-162.409790284967
6.38113984692509,-162.409790284967
6.38115571553337,-162.409790205214
6.38060680198503,-162.410954857176
6.38062195542789,-162.410967219524
6.38058523200248,-162.410967403991
6.38058523200248,-162.410967403991
6.38105449540068,-162.411236046766
6.38105449540068,-162.411236046766
6.38106003109817,-162.411227930641
6.38106788748452,-162.411235979498
6.38096999032978,-162.411552637952
6.38096999032978,-162.411552637952
6.38108605229121,-162.411597221741
6.38089658075091,-162.411673460292
6.38085497357845,-162.411662228709
6.38084444646036,-162.411635309486
6.3808006880668,-162.411643821559
6.3808006880668,-162.411643821559
6.38074493256061,-162.411779601558
6.38074493256061,-162.411779601558
6.3808369183936,-162.411788060492
6.38080793061686,-162.411959951909
6.38079267441789,-162.411975433265
6.38076208421398,-162.41196018212
6.38076208421398,-162.41196018212
6.38123751179132,-162.413041796432
6.38123751179132,-162.413041796432
6.38124413764925,-162.413132096689
6.38124413764925,-162.413132096689
6.38120626130986,-162.413351879301
6.38120631805596,-162.413363176221
6.38084083494619,-162.414985957991
6.38084083494619,-162.414985957991
6.3808949583969,-162.415256687322
6.3808949583969,-162.415256687322
6.38089414084634,-162.417289199153
6.38089414084634,-162.417289199153
6.380819542274,-162.41732725246
6.38084958014706,-162.417379756193
6.38076345230075,-162.417380187766
6.38076345230075,-162.417380187766
6.380768400254,-162.41742532984
6.38072272463934,-162.417425558706
6.38072272463934,-162.417425558706
6.3807304325213,-162.417578895561
6.38069784256249,-162.417593835119
6.38068549051127,-162.417627524048
6.38065669742745,-162.41760655699
6.38065669742745,-162.41760655699
6.3802486714109,-162.419460442534
6.38024037576587,-162.419460484065
6.38024037576587,-162.419460484065
6.38024285865145,-162.419468339452
6.38027998029705,-162.420002288653
6.38032765684504,-162.420055729841
6.37988503665476,-162.421398440715
6.37989721783972,-162.421404378514
6.37984501145534,-162.421404639665
6.37984501145534,-162.421404639665
6.37993741076437,-162.421675179085
6.37993741076437,-162.421675179085
6.37998219599405,-162.421675556053
6.37998364362293,-162.421674947836
6.38001950676227,-162.421810269311
6.38001950676227,-162.421810269311
6.37989401077699,-162.421992309102
6.37987754810554,-162.421991647106
6.37985144416492,-162.421994385562
6.37984819889264,-162.421991793886
6.37984819889264,-162.421991793886
6.37987869530088,-162.422036808318
6.37987869530088,-162.422036808318
6.37990011459187,-162.422042551069
6.38009095070199,-162.422532583552
6.38009095070199,-162.422532583552
6.38012274396851,-162.422552378109
6.38012858407436,-162.422713063346
6.38012357367306,-162.422718177403
6.38011775116954,-162.42271311751
6.38011775116954,-162.42271311751
6.379900293558,-162.422623870815
6.37989716213333,-162.422621984299
6.37989382911622,-162.422623903137
6.37989382911622,-162.422623903137
6.38011941007613,-162.423119612234
6.38011941007613,-162.423119612234
6.38017113252888,-162.423192391683
6.38005469874122,-162.42330060376
6.38003618859699,-162.423315163845
6.38002958006928,-162.423300729321
6.38002958006928,-162.423300729321
6.38008553989141,-162.42338697927
6.38008264642056,-162.4234359651
6.38003588950261,-162.423436198814
6.38003588950261,-162.423436198814
6.38021931858439,-162.423932119351
6.38021931858439,-162.423932119351
6.38022040518534,-162.42393211392
6.38022002868031,-162.423934034519
6.38018037331988,-162.425040020745
6.38020670251392,-162.425061359021
6.38015119204746,-162.425061636319
6.38015119204746,-162.425061636319
6.38030354213241,-162.425106042354
6.38030354213241,-162.425106042354
6.38031624046581,-162.425101783101
6.38031951573294,-162.425105962559
6.3801388802618,-162.425778797067
6.38013312210119,-162.425784400034
6.38013312210119,-162.425784400034
6.38014893023792,-162.425784321089
6.38015301520679,-162.428403995415
6.38015200010421,-162.428405064599
6.38015108469064,-162.428404005046
6.38015108469064,-162.428404005046
6.38060876962643,-162.429387979906
6.38060693682465,-162.42939541033
6.38060693682465,-162.42939541033
6.38061904944385,-162.42939534992
6.38093489082413,-162.431063510224
6.3809387315466,-162.431064946669
6.38092714842572,-162.431065004404
6.38092714842572,-162.431065004404
6.38128023240829,-162.431785922863
6.38128023240829,-162.431785922863
6.381298493064,-162.431778779971
6.38130049303687,-162.43178384803
6.3812092108557,-162.431997442138
6.38121957094203,-162.432012062207
6.38116209655702,-162.432012348585
6.38116209655702,-162.432012348585
6.38138720092013,-162.432282231547
6.38138720092013,-162.432282231547
6.38139141345115,-162.43228964841
6.38143743861741,-162.432281981245
6.38126639124787,-162.434403658783
6.38126443230342,-162.434405714085
6.38126443230342,-162.434405714085
6.38126871255355,-162.434405692777
6.38095321829248,-162.435032423873
6.38096125196902,-162.435039568127
6.38094125723349,-162.435039667633
6.38094125723349,-162.435039667633
6.38140982936327,-162.435985479326
6.38140943409296,-162.435985856219
6.38140943409296,-162.435985856219
6.38141024491458,-162.435985852185
6.3805878329576,-162.438383823118
6.38056325945114,-162.438391587122
6.38055535038961,-162.438383984551
6.38055535038961,-162.438383984551
6.38119261284101,-162.439058331981
6.38119261284101,-162.439058331981
6.38119916414266,-162.439053565976
6.38120406917109,-162.439058275055
6.3803169270756,-162.443081123391
6.38031546179547,-162.443084852365
6.38031273136718,-162.443082624616
6.38031273136718,-162.443082624616
6.38049930869549,-162.445340087795
6.38049930869549,-162.445340087795
6.38051579000699,-162.445340006109
6.38050762768113,-162.445385862232
6.38383023362636,-162.46140351865
6.38383023362636,-162.46140351865
6.38384035743844,-162.461410611829
6.38386064279599,-162.461403368803
6.38433957615713,-162.463425827513
6.3843402565367,-162.463440765091
6.38529546655637,-162.46406125881
6.38529546655637,-162.46406125881
6.38529944484546,-162.46406598383
6.3853044299157,-162.464061214678
6.38557362890316,-162.464686878073
6.38556817256727,-162.464692280872
6.38556817256727,-162.464692280872
6.38558020829617,-162.464692221625
6.38507823414528,-162.465025398068
6.38506419263264,-162.465056112768
6.38506419263264,-162.465056112768
6.38508175528581,-162.46505938009
6.38499459461698,-162.465101624182
6.384988259388,-162.46510665498
6.38498586291875,-162.465101667154
6.38498586291875,-162.465101667154
6.38860438387991,-162.46630342303
6.38860438387991,-162.46630342303
6.38860916731334,-162.466305868301
6.38861406432364,-162.466303375384
6.3903828865008,-162.468733818314
6.3903828865008,-162.468733818314
6.39038343988535,-162.468734179507
6.39038414413337,-162.468733812129
6.39195951208271,-162.469042250123
6.39195951208271,-162.469042250123
6.39196649586616,-162.469036737737
6.39197168023172,-162.469042190266
6.39417113663988,-162.468624840534
6.39417113663988,-162.468624840534
6.39417869811956,-162.468632467631
6.3941876403058,-162.468624759308
6.39604612909907,-162.466040924637
6.39604612909907,-162.466040924637
6.39606375335394,-162.466030952732
6.39607807178974,-162.466040767219
6.40424187794019,-162.458140844834
6.40424187794019,-162.458140844834
6.40424887917297,-162.458145582509
6.40425276077925,-162.458140790965
6.40807104437781,-162.454417894229
6.40807104437781,-162.454417894229
6.4080712996413,-162.454417090678
6.40807196001175,-162.454417889687
6.40872956054678,-162.453782239273
6.40872956054678,-162.453782239273
6.40874589376223,-162.453770088108
6.40875707344149,-162.453793163817
6.40869504049186,-162.453421045897
6.40865790371482,-162.453417094702
6.40865018549647,-162.453421268493
6.40865018549647,-162.453421268493
6.40852991578759,-162.453467035896
6.40851853428486,-162.453483295219
6.40847171791783,-162.453467324694
6.40847171791783,-162.453467324694
6.4086525128075,-162.453164616766
6.40866650681944,-162.453150164083
6.40863284903239,-162.453150331129
6.40863284903239,-162.453150331129
6.40979976157076,-162.450614984349
6.40979976157076,-162.450614984349
6.40981462436058,-162.450598892366
6.40982668995212,-162.450614850543
6.41039593025281,-162.450476510003
6.41039593025281,-162.450476510003
6.41039825317818,-162.450473322399
6.41042248355291,-162.450476378042
6.41062515952046,-162.450029873168
6.41062149369349,-162.450023682634
6.41062149369349,-162.450023682634
6.41062913865832,-162.450023644633
6.41013014857397,-162.449803445271
6.41012694174468,-162.449796381252
6.41012265881684,-162.449800309201
6.41012265881684,-162.449800309201
6.41106850544107,-162.449072876876
6.41106850544107,-162.449072876876
6.41107228926654,-162.449077283039
6.41107712670437,-162.449072834003
6.41310744383463,-162.441428890069
6.41310744383463,-162.441428890069
6.41311271309365,-162.441420358459
6.41312043356702,-162.441428825257
6.41314860248534,-162.441248002497
6.41314860248534,-162.441248002497
6.41315701456273,-162.441243083404
6.4131622706604,-162.441247934295
6.41643688495136,-162.437492010218
6.41643182309465,-162.437482441162
6.41643182309465,-162.437482441162
6.41644194098021,-162.437477262552
6.41648119853228,-162.437317546169
6.41649430104399,-162.437301445936
6.41751476761302,-162.43657361042
6.41751476761302,-162.43657361042
6.41751674577996,-162.436569895109
6.41752061159037,-162.436573581186
6.41777488395673,-162.436436796802
6.41777488395673,-162.436436796802
6.41778729456636,-162.436456033758
6.41780676520727,-162.436436637304
6.41840587577583,-162.435846418978
6.41840587577583,-162.435846418978
6.418416897252,-162.435855362697
6.4184271887675,-162.435846312316
6.42430040181149,-162.428699520981
6.42428717270193,-162.428679918816
6.42428717270193,-162.428679918816
6.42431625450535,-162.428679772732
6.42478468287164,-162.427909510427
6.42478468287164,-162.427909510427
6.42479341246556,-162.427896486481
6.42480252631878,-162.427909420762
6.42535393354296,-162.426641857712
6.42535393354296,-162.426641857712
6.42537454288721,-162.426646093648
6.42538464795838,-162.426641703279
6.42676899195449,-162.425415118872
6.42676899195449,-162.425415118872
6.4267691156699,-162.425415041053
6.426769190521,-162.425415117873
6.42748791916256,-162.425050131268
6.42748791916256,-162.425050131268
6.42749024344162,-162.425047809175
6.42749027143227,-162.425053367216
6.42765593808342,-162.425094456923
6.42765593808342,-162.425094456923
6.42767117403629,-162.425084818843
6.42767755701012,-162.425094348119
6.42825440370255,-162.424639731614
6.42825440370255,-162.424639731614
6.42825560712448,-162.424640469956
6.42825753388146,-162.424639715856
6.43122428051138,-162.421914485564
6.43122428051138,-162.421914485564
6.43122488565509,-162.421914168209
6.43122525403618,-162.421914480656
6.43216424382489,-162.42002289729
6.43215301945984,-162.420012598454
6.43215301945984,-162.420012598454
6.43218352962476,-162.420012444489
6.43351315232827,-162.41987021917
6.43351315232827,-162.41987021917
6.43351907251971,-162.419874920395
6.43352891347474,-162.419870139612
6.43487012043165,-162.418978787354
6.43485813880854,-162.41895999508
6.43485813880854,-162.41895999508
6.43488905986505,-162.418959838911
6.43549157368494,-162.418188876134
6.43549157368494,-162.418188876134
6.43549875276679,-162.41819355444
6.43550469416595,-162.418188809842
6.43684355185281,-162.416063617799
6.43684003275689,-162.416058987184
6.43684003275689,-162.416058987184
6.43685117445965,-162.416058930832
6.43774627839372,-162.41641577811
6.43774627839372,-162.41641577811
6.4377490586143,-162.416417732598
6.43775388591715,-162.416415739633
6.43792420186836,-162.415782472012
6.43792420186836,-162.415782472012
6.43792906650303,-162.415779955008
6.43797291508997,-162.415782225561
6.43783510975095,-162.41556421535
6.43782876635083,-162.415557095604
6.43782876635083,-162.415557095604
6.43783917018377,-162.415552929415
6.44336967826596,-162.410975186945
6.44336308094335,-162.41096668446
6.44336308094335,-162.41096668446
6.44338214448039,-162.410966587751
6.44700785568885,-162.399745458808
