lat,lon
28.3829230327674,-178.304378441678
28.383009394099,-178.30426190616
28.3831776877082,-178.303988369711
28.3835118038989,-178.303387142086
28.383695962582,-178.303013851066
28.3838229123732,-178.302710395118
28.3838976920538,-178.302498366206
28.3840026518979,-178.30213899756
28.3840615427977,-178.301886759753
28.3840794487538,-178.301719896906
28.3840681020757,-178.301554248394
28.3840252513892,-178.301415939656
28.3839531025879,-178.301287677858
28.3838778322748,-178.301210398762
28.3837905745925,-178.301171362614
28.3837125927222,-178.301166698761
28.3835702606962,-178.301195315312
28.3835185775316,-178.301187040359
28.3834968369809,-178.301170584886
28.3834805757558,-178.301145345069
28.3834644999505,-178.301065900919
28.3834681278727,-178.300981048567
28.3834911661407,-178.3008601617
28.3835218769864,-178.300752595801
28.3835642658632,-178.300645123373
28.3838477308694,-178.300082395975
28.38399240281,-178.299759565525
28.384193731412,-178.299439314062
28.3842416624001,-178.299325346807
28.3842475980308,-178.299280717642
28.3842433793729,-178.299240881734
28.3842303837408,-178.299207257112
28.3842092322862,-178.299178214379
28.3841344098775,-178.299128329715
28.3839407261142,-178.299062432893
28.3839182226934,-178.299037357022
28.3839202949047,-178.298997504033
28.3839509050479,-178.2989457971
28.3840109209143,-178.298881431322
28.3841902286979,-178.298741789598
28.3843797024817,-178.298624518501
28.3848942883749,-178.298336782441
28.3851427847528,-178.298173693034
28.3854064634687,-178.297963155721
28.3856828248575,-178.297709844461
28.3858611792355,-178.297525759353
28.3860215685825,-178.297344561557
28.3861931066773,-178.297134472649
28.3863459149057,-178.296932423853
28.3864874793791,-178.296725863439
28.3865969090155,-178.29654644069
28.3866828021898,-178.296386317254
28.3867523175885,-178.296237283015
28.3868223821542,-178.29606181088
28.3868962658012,-178.295838730742
28.386963864977,-178.295586758635
28.3870267354101,-178.295294703325
28.3871056979718,-178.294802807971
28.3872226137606,-178.293753932052
28.3873309274383,-178.29307543486
28.3875051962374,-178.292115736252
28.3875944687937,-178.291669276348
28.3878787702301,-178.290465017421
28.3880609770306,-178.28978563697
28.3881741216489,-178.289427600408
28.3882465110121,-178.289222715248
28.3883641794062,-178.288922227729
28.3884857168045,-178.288645076474
28.3886781251322,-178.288237978793
28.3888032229819,-178.288003659892
28.3889146253403,-178.287818970322
28.3890289783205,-178.287651139724
28.389532337353,-178.287006362704
28.3896543847845,-178.286832389277
28.3897766957376,-178.286635840579
28.3899679721336,-178.286246971267
28.3900334731454,-178.286151265645
28.3901891052011,-178.285950816736
28.3902929693762,-178.285862245524
28.3904603216178,-178.285780193568
28.3905140800433,-178.285744173401
28.390561678025,-178.285689844403
28.3906484988797,-178.285556822931
28.39071649868,-178.285496596803
28.3907835453514,-178.285475782795
28.3910308264409,-178.285455442986
28.3911011785408,-178.285433259291
28.3911645511481,-178.285393670266
28.3912472955771,-178.285313769367
28.3914698206076,-178.285051449925
28.3917821013373,-178.284753047413
28.3920165658637,-178.284463087699
28.3921224784195,-178.284361250565
28.3922237124624,-178.284293360455
28.3923464007821,-178.284227701738
28.3927209689848,-178.284070409189
28.3931122761201,-178.283826787802
28.3932378686033,-178.283762665427
28.3933451202839,-178.283733311832
28.3937755777117,-178.283687793974
28.3939838592285,-178.283643220933
28.3942931152803,-178.283537473566
28.3945117188793,-178.283436417514
28.3947535569869,-178.283341858862
28.3950393044267,-178.283214892871
28.3952669483433,-178.283177400403
28.3955402385877,-178.283090011979
28.3959074774045,-178.283039984605
28.3970096357878,-178.282748455351
28.397872523547,-178.282495430708
28.3982193390181,-178.282353572536
28.3983511994652,-178.282322100718
28.3984674526962,-178.282327857737
28.3987409682107,-178.282380044504
28.3988298524504,-178.28242711882
28.3989951798925,-178.282551483848
28.3990426695957,-178.28257083568
28.3990890602675,-178.282575971176
28.3991366985085,-178.282567181919
28.3991927416322,-178.282538612546
28.3992617922072,-178.282483599124
28.3994232735304,-178.28233229236
28.3994744247775,-178.282294806176
28.3995393060245,-178.282263223692
28.3996115422677,-178.282246779081
28.3999750931376,-178.282246866057
28.4005647294016,-178.282274023408
28.4007062930683,-178.282272472805
28.4010881336661,-178.28222859919
28.4015234595674,-178.282164485159
28.4020158215501,-178.282142820681
28.4026935486412,-178.282097386558
28.4032009892484,-178.282031351855
28.4036320171256,-178.282005391004
28.4040685055545,-178.28194921
28.4041466329194,-178.281951727645
28.4042174814042,-178.281966881374
28.4044124732633,-178.282050584282
28.4044855224595,-178.2820728007
28.4045674134437,-178.282081935415
28.4048448239905,-178.28209023038
28.4053439911172,-178.282199421837
28.4054522387522,-178.28219356264
28.4055393933501,-178.282164737355
28.4057273103218,-178.282085320297
28.4058382082255,-178.282067339598
28.4059013937194,-178.282077730372
28.4060616529956,-178.282136553868
28.4061795970261,-178.282166806903
28.4062506559834,-178.282172444934
28.4063995072979,-178.282167479905
28.4064614969699,-178.282174699144
28.4066757191241,-178.282253526964
28.4067596040527,-178.282266661004
28.4068788158702,-178.282255432918
28.4071619640367,-178.282197655203
28.4074319731355,-178.282154417277
28.407815562265,-178.282074334706
28.4080333644252,-178.282043625607
28.4082003980952,-178.282038799747
28.4083797187914,-178.282047045106
28.4086310506516,-178.282107996832
28.4087047861943,-178.282117603452
28.4090313197177,-178.282090044195
28.4092014927275,-178.282101964733
28.4097454709511,-178.282202448681
28.410201806574,-178.282270656532
28.410314132426,-178.282304133491
28.4105704934059,-178.282402238021
28.4108496897962,-178.282466793341
28.4109710802021,-178.282506659007
28.4113501976535,-178.282701945941
28.4117247855624,-178.282830191031
28.4118600202026,-178.282895812399
28.4119391765592,-178.282953297838
28.4120202981545,-178.283028461279
28.4122334700055,-178.283273930418
28.4122988093594,-178.283338947863
28.4123737333224,-178.283392329121
28.4124575979285,-178.28342741977
28.4128439731958,-178.283517653151
28.4129549151822,-178.28353186879
28.4130611203083,-178.283521983513
28.4132724237913,-178.283472266452
28.4134142854848,-178.283450845744
28.4135391583786,-178.283444085672
28.4136433991311,-178.283453300081
28.413721310524,-178.283476224471
28.413806859363,-178.283517813256
28.4141301021886,-178.283723200351
28.4142054289943,-178.283754030997
28.4142907478009,-178.283771472261
28.414700217245,-178.283793343969
28.4151412422583,-178.283731957531
28.4152411097754,-178.283730580315
28.4153277487035,-178.283743362144
28.4153969366765,-178.283765253977
28.4154711815683,-178.283800554613
28.4158797697845,-178.284063563254
28.4162731325302,-178.284280426577
28.4164080687221,-178.284342190318
28.4165366691101,-178.284377914928
28.4168570676385,-178.284423110701
28.4176694560501,-178.28449259011
28.4179730281566,-178.284536646576
28.4181510654087,-178.284548666524
28.4183826896262,-178.28453544154
28.4190908514637,-178.284440842231
28.4192627221019,-178.284435585646
28.4193827848423,-178.284461491491
28.4195621290644,-178.284544866931
28.419637474574,-178.284570240328
28.4201760544111,-178.284653391619
28.4203334129921,-178.284660755251
28.420625487006,-178.284658550001
28.4208932015152,-178.284670564
28.4212403229208,-178.284660893861
28.4215056653979,-178.28467234542
28.4218836028923,-178.284631643753
28.4220109210663,-178.284625799609
28.4221934109139,-178.284641311662
28.4226017858574,-178.284712718076
28.4226784899784,-178.284741018465
28.422739720252,-178.2847741581
28.4229426769766,-178.284956470838
28.4230910137967,-178.285052835608
28.4231857642561,-178.285096725567
28.423545360022,-178.285169723004
28.4238454512134,-178.28526484372
28.4241974635176,-178.285343874286
28.4242851097627,-178.285377645305
28.4244721315925,-178.285470724308
28.424584347532,-178.285507781738
28.4250929088492,-178.285617355484
28.4253500751426,-178.285688601793
28.4256717876958,-178.285729973215
28.425771736171,-178.28575832645
28.4259247252314,-178.28585035808
28.4261080061728,-178.28598847083
28.4262608348563,-178.28606841701
28.4263307197164,-178.286113546256
28.4264830963265,-178.286239801486
28.4266620075856,-178.286416596359
28.4268291364998,-178.286548055036
28.4269265160294,-178.286606688934
28.4273540318695,-178.28682968881
28.4274659760679,-178.286870141276
28.4280573738622,-178.287046691906
28.4281505398505,-178.287092077742
28.4283664639204,-178.287226244324
28.4284695756677,-178.287280150472
28.4288270020804,-178.287426507841
28.4291460012875,-178.28757011305
28.4293392893733,-178.28764211928
28.4297938581236,-178.287770081688
28.4301968392107,-178.287861189326
28.4306873064488,-178.28795977615
28.4309044752786,-178.288021043464
28.4310522898262,-178.28807189406
28.4311677708551,-178.288127294922
28.4313912683932,-178.288266840057
28.4315088569202,-178.28832642136
28.4316513392477,-178.288380972599
28.4319316063497,-178.288465445752
28.4320559069866,-178.288517116367
28.4327184956844,-178.288895838788
28.433121636253,-178.289080637195
28.4332911816505,-178.28917352939
28.4337420023755,-178.289452935254
28.4339015193176,-178.289562684842
28.4340863917619,-178.289705829048
28.4343640881548,-178.289954882034
28.4344952816083,-178.290055228719
28.4348639823046,-178.290285108747
28.4351487568825,-178.290475263941
28.4355480134153,-178.290716750389
28.4358550368824,-178.29091661063
28.4365876281989,-178.291331309423
28.4367425105086,-178.291400270162
28.4371278255624,-178.291549957726
28.4373523927287,-178.291672328295
28.4374193385673,-178.291723160736
28.4374714973042,-178.291781290914
28.437513668332,-178.291853315051
28.4376087487549,-178.292058018088
28.4376490705432,-178.292114713039
28.4377125572166,-178.29217794872
28.4378109970557,-178.29224580894
28.438078905552,-178.29239270187
28.4382317000875,-178.292490316829
28.4384415381704,-178.292636484616
28.4387307020414,-178.292857102831
28.4390741629754,-178.293097253306
28.4395499548729,-178.293375457802
28.4403912243702,-178.293790293111
28.4406419617965,-178.293928265558
28.4408476797879,-178.294057161439
28.4409670282463,-178.294147279708
28.4410877831578,-178.294251880295
28.4413597664929,-178.294538666407
28.4414768434908,-178.294645229529
28.4416894977062,-178.29480020882
28.4420683641742,-178.29503439737
28.4421987278616,-178.295138604539
28.4425192585999,-178.29546096804
28.4425978600723,-178.29556849712
28.4427172467309,-178.295762830672
28.4427604581864,-178.295816536364
28.4428064823518,-178.295858731576
28.4428892543834,-178.295911932169
28.4431334998169,-178.296035528957
28.4433504907196,-178.296176020454
28.4434767088945,-178.296238641276
28.4436336608513,-178.296299989937
28.4440366002496,-178.296410032244
28.4441234740697,-178.29644343614
28.4441906298288,-178.296479794747
28.4442641511108,-178.296549128985
28.444352963952,-178.296691699939
28.444419297425,-178.296770961046
28.4446846290104,-178.296988585166
28.4449069958625,-178.297196990037
28.4450251654155,-178.297322006763
28.4452258860526,-178.297571768631
28.4453506789531,-178.297752057934
28.4455379539214,-178.29808172951
28.4457953940128,-178.298584434471
28.4458770929731,-178.298714197689
28.445977599725,-178.298850503684
28.4461523730182,-178.299049677045
28.446626541727,-178.299535355151
28.4470845310688,-178.299958624393
28.4474364536797,-178.300372573307
28.4477030997176,-178.300644933846
28.4477538033838,-178.300716907459
28.4477886008428,-178.300793575833
28.4478446117472,-178.301030702948
28.4478817085308,-178.301148634477
28.4479223239071,-178.301231492137
28.44797771096,-178.301314652234
28.4481205238313,-178.301476393936
28.4485485536087,-178.301909045485
28.4492117096931,-178.302642524972
28.4496146206595,-178.303131318725
28.4497490713598,-178.303317329401
28.4499523939006,-178.303627398905
28.45028662874,-178.304050632895
28.4503719780656,-178.304177041848
28.4505569325818,-178.3045206378
28.4507853075352,-178.304920594864
28.4516115641442,-178.306559277288
28.4517748190633,-178.306915169158
28.4519487653581,-178.307270128506
28.4521504528658,-178.307743414783
28.4523707956949,-178.308217014179
28.4525527521911,-178.308547945982
28.4527152279637,-178.308872817017
28.4529757099164,-178.309315281541
28.4533051144513,-178.309967559807
28.4534467437785,-178.310312075691
28.4535829154986,-178.310710734725
28.453670183578,-178.310934080447
28.4537917005683,-178.311200721156
28.4541842030126,-178.31199386894
28.4544201446687,-178.312553795924
28.4546049798517,-178.313045421845
28.4547203733529,-178.313520813279
28.4548616919451,-178.313977937794
28.4549312303854,-178.314241370481
28.4551320683645,-178.3151695413
28.455441746486,-178.316511169389
28.4556600784932,-178.31776664753
28.455713383636,-178.318327304376
28.4557233968345,-178.318580837444
28.4557353685052,-178.318689457188
28.4558292631024,-178.319048995889
28.4559154233628,-178.319442450639
28.456056985016,-178.320219928476
28.4561205738251,-178.32068423204
28.4562277693321,-178.321123589063
28.4562962407039,-178.32150536739
28.4563324394019,-178.321869267048
28.4563524899134,-178.322490067885
28.4563470500715,-178.322643361796
28.456317458747,-178.323058314872
28.4562902776199,-178.323316582418
28.4562891814169,-178.323402641408
28.4563579018182,-178.32444090804
28.4564036916763,-178.324795481734
28.4564017646525,-178.324937281284
28.4563632819557,-178.325157289474
28.4563577652375,-178.32523654698
28.4563668913526,-178.325327649758
28.4564193716285,-178.325584744521
28.4564242075921,-178.325659285395
28.45641993408,-178.325739303934
28.4563615937832,-178.326047512083
28.4563281014524,-178.326160292007
28.4562783578455,-178.326256975362
28.4561516104131,-178.326436530247
28.4561050466935,-178.326536685409
28.4560838849365,-178.326623498523
28.4560573277787,-178.326845509888
28.4560323282732,-178.326960725764
28.4559942649639,-178.327068118078
28.4558710195853,-178.327348650612
28.4557660183099,-178.327709464416
28.4555709924677,-178.328534219868
28.455379410057,-178.329418384775
28.4552688369165,-178.330139758644
28.4552087565205,-178.33078763606
28.4551538053156,-178.331190608627
28.4550906101878,-178.331543960928
28.4549822482929,-178.332034690465
28.4548096976633,-178.332761331916
28.4544434369947,-178.334208603461
28.4542279593482,-178.33499742162
28.4541513279289,-178.335305851514
28.4540856358036,-178.335609372588
28.453954937567,-178.335953095364
28.4539267693016,-178.336064682276
28.4538803132639,-178.336313970211
28.453835686621,-178.336480350773
28.4534245059384,-178.337748260781
28.4532324356619,-178.338389423543
28.4531265631075,-178.338778154239
28.4529718296729,-178.339437176065
28.452793010809,-178.340404570758
28.4526952375492,-178.340879634702
28.4526401442335,-178.341112293431
28.4525442276784,-178.341405676278
28.4522759811806,-178.342064844699
28.4519222922669,-178.343041029667
28.4517751906786,-178.343475179189
28.4514976256907,-178.344232359429
28.4512097391472,-178.345141138803
28.4510423256364,-178.345754883323
28.4509785447313,-178.345934417741
28.4509039802974,-178.346105269017
28.4507781685102,-178.34633343958
28.4506288247272,-178.34654135337
28.4503900138369,-178.346819613641
28.4500612735618,-178.347155253566
28.4499489056403,-178.347280473831
28.4495130220308,-178.347825386089
28.4494064214052,-178.347975313976
28.4493211403477,-178.34811184257
28.4492235639522,-178.348290357722
28.4491233973233,-178.348499807717
28.4488799838774,-178.349069315174
28.4482319694514,-178.350529788819
28.4480286017133,-178.350938633182
28.4476769959766,-178.351583852601
28.4474046066183,-178.352114502349
28.4472844826045,-178.352328337368
28.4469740973661,-178.352826132212
28.4464920966942,-178.353545942662
28.4462993093058,-178.353894856805
28.4460472238183,-178.354381052943
28.4456030187499,-178.355136376178
28.44532671363,-178.355626234556
28.4451164789,-178.355965711942
28.4448993453352,-178.356289339851
28.444648822086,-178.356597102923
28.4444810740361,-178.356769715377
28.444160583315,-178.357045387631
28.4440372777776,-178.357186360905
28.4436971118817,-178.357724654861
28.4433611954501,-178.35821071557
28.4431518606332,-178.358552000399
28.4429375578631,-178.358829074284
28.4427542595926,-178.359116502291
28.4426469875138,-178.359270823047
28.442581146456,-178.359351554282
28.4423968058225,-178.359546459151
28.4422207352689,-178.359823781196
28.4420701133176,-178.359999736475
28.4420093909654,-178.360082277367
28.4419438454921,-178.360192171958
28.4418162589006,-178.360455015249
28.4416514574593,-178.360746227559
28.4415825240499,-178.360846486842
28.441374423977,-178.36107604742
28.4411267320276,-178.36138528748
28.4409343905903,-178.361611830399
28.4402605339034,-178.362317277323
28.4394939467433,-178.363170049143
28.4391850650597,-178.363488734542
28.4386396931502,-178.364085338422
28.4380811169494,-178.364655976784
28.4377447494071,-178.364950321313
28.4372215899904,-178.365374649307
28.4367842270177,-178.365764132238
28.4362853225441,-178.366155639441
28.4361415998659,-178.366277377903
28.4357989950506,-178.366609128567
28.4354385406801,-178.366983954887
28.4350900124343,-178.367309085254
28.4348231981106,-178.367623574632
28.4346457272272,-178.367792504323
28.434534189938,-178.367883188795
28.4344359502101,-178.367950193998
28.4340513471578,-178.368150824418
28.4337858450163,-178.368350954046
28.4335833586667,-178.368523301046
28.4333415780571,-178.368781233662
28.4332352303581,-178.368882441064
28.4328645021724,-178.369154425349
28.4325620880834,-178.369435264529
28.4320300109591,-178.369884523644
28.4318965287286,-178.369966369192
28.4316288293226,-178.370109094238
28.4311151573984,-178.370418320342
28.4307295220203,-178.370666452792
28.4302451340299,-178.370949620967
28.4299131004822,-178.371126828941
28.4293367492255,-178.371397982902
28.4288382290789,-178.371709790161
28.4282729803673,-178.37200997496
28.4281126805943,-178.372104031139
28.4279704212701,-178.372203476641
28.4278645909755,-178.372290721712
28.4275290122231,-178.372631216085
28.4274346336233,-178.37271499601
28.4269954317583,-178.37305466986
28.4266510854593,-178.373306902235
28.4265511314263,-178.373369401767
28.4264106870127,-178.373424846413
28.4260756581462,-178.373503073577
28.4259544986478,-178.373546383806
28.4258437898219,-178.373617483125
28.4256866784299,-178.373749202778
28.4255693996151,-178.373833216488
28.425454832151,-178.373901829474
28.4253372939656,-178.373956895936
28.4250052856169,-178.374049067963
28.424763352897,-178.374168736798
28.4246589567854,-178.374208204129
28.4245342483976,-178.374230764804
28.424290165398,-178.374250601221
28.4241662888665,-178.374285794233
28.4240862344736,-178.374331202006
28.4238590438175,-178.37449705021
28.4236028245844,-178.374662748279
28.4231808076301,-178.374878842528
28.4229212205345,-178.374992005918
28.4227492851694,-178.375054968138
28.4224555504979,-178.375137591921
28.4222196445714,-178.375230308101
28.4220151847957,-178.375295305464
28.4217222688018,-178.375431239957
28.4214482816043,-178.375495965722
28.4212080532524,-178.375569384621
28.4210664710808,-178.375595144996
28.4206252550928,-178.375647778827
28.420135779645,-178.37567524321
28.4199342378721,-178.375662766713
28.4197598700616,-178.375633173255
28.4196329554377,-178.375588669822
28.4195179545764,-178.375524297978
28.4192651452899,-178.375352540268
28.4191563387777,-178.375298313799
28.4190191094917,-178.375266716369
28.4188940974709,-178.375271781348
28.4187797314485,-178.375304391297
28.4186616732517,-178.375355040256
28.4185370978029,-178.375423563017
28.4184367415706,-178.375491656498
28.4183483771298,-178.375562798005
28.4182827977663,-178.375632350432
28.4182285592737,-178.375709703852
28.4181406795629,-178.375863265915
28.4180837288322,-178.375930438672
28.4180450135531,-178.375956635796
28.4179923876127,-178.375977111777
28.4177601444275,-178.376016609499
28.4176774773604,-178.376049445494
28.4176334805325,-178.376085457154
28.4175940559168,-178.376132006034
28.4174621026915,-178.376312240564
28.4174156854253,-178.376356444789
28.4173722022791,-178.376385292361
28.4173144821955,-178.376410519562
28.4172400788095,-178.376429587521
28.4170089247851,-178.376460968033
28.4167355056058,-178.376515788765
28.4166443086118,-178.376526394943
28.4165588563181,-178.376522797776
28.4164762483751,-178.376504334004
28.4163856470955,-178.376468155171
28.4162934727073,-178.376418225635
28.4161058169549,-178.376290690744
28.4157239036353,-178.375996622418
28.415557908248,-178.37589623451
28.4154790351887,-178.375868360595
28.4154011450331,-178.375856826759
28.4153051509448,-178.375859678357
28.4151860626231,-178.375875685042
28.4151071650087,-178.375899008003
28.4150354540082,-178.375937359711
28.4147149015436,-178.376189237823
28.4145277908776,-178.376323322133
28.4144305443239,-178.376409900011
28.4141948078314,-178.376670833799
28.4140633519154,-178.37678995256
28.4138935736921,-178.376920745563
28.4134265939174,-178.377238457077
28.4132804757589,-178.377303429118
28.4130745479357,-178.377353745946
28.4128137299708,-178.377393441188
28.4125577829345,-178.377408155687
28.4124058040038,-178.377393239005
28.412343010288,-178.37737201124
28.4122922158443,-178.377343722659
28.412248171477,-178.377304899918
28.4122180738938,-178.377262510271
28.4121957269862,-178.377210507925
28.4121849932779,-178.377157757538
28.4121852396467,-178.377101715211
28.4121959721271,-178.377047584749
28.4122208417768,-178.376991764993
28.4122538578796,-178.37695047158
28.4123237952169,-178.376904310772
28.4125007829709,-178.37683955936
28.4125584895413,-178.376809964163
28.4126120813391,-178.376763688697
28.4126479671518,-178.376700640859
28.4126616226663,-178.376617775249
28.4126554258579,-178.376562247533
28.4126344468278,-178.376500969305
28.4125995940216,-178.376443979796
28.4125635174995,-178.376402066208
28.4124649466559,-178.376329644021
28.4124038620077,-178.376304858977
28.4123354508918,-178.376289867833
28.4121065301225,-178.376275479993
28.4119323439746,-178.376283448182
28.4116117377965,-178.37631700226
28.4114193314763,-178.376316918514
28.4112655113248,-178.376297524017
28.4109553415458,-178.376229409695
28.4107430175624,-178.37616686747
28.4102545389027,-178.37595057581
28.4097547995805,-178.375778262166
28.4093542913995,-178.375603823061
28.409242781627,-178.375576670713
28.4090200707676,-178.3755567623
28.4089460342381,-178.375534066137
28.4088835247946,-178.375502350314
28.4088172504686,-178.375451373828
28.408758614519,-178.375383034675
28.4087151979793,-178.375306022683
28.4086825504016,-178.375214890637
28.4085227584306,-178.374582279442
28.4085050514328,-178.374390847407
28.4085118884189,-178.374321777138
28.4085303330108,-178.374265748068
28.4085563855897,-178.374225941354
28.4085943489658,-178.374193728801
28.408642044213,-178.3741704736
28.408705072254,-178.374152528341
28.4088371052322,-178.374134046705
28.4092796978272,-178.374097056182
28.4093923437277,-178.374078550785
28.4095072612135,-178.374047262806
28.4095930473918,-178.374005892118
28.4096397704693,-178.373966456876
28.4096720981428,-178.373914229101
28.4096829739763,-178.373849518901
28.4096703098149,-178.373779809291
28.4096380150624,-178.373707014721
28.4095807491396,-178.373616757973
28.4095071867933,-178.373524465897
28.4093773958324,-178.373384192366
28.4091507891659,-178.37317365323
28.4089848744606,-178.372997699836
28.4088862902647,-178.372915303002
28.4088005131553,-178.372869324414
28.4087095697792,-178.372841624694
28.4085945990316,-178.372826561693
28.4084369213023,-178.372830301913
28.4082799762009,-178.372864862599
28.4079678126658,-178.373011584497
28.4077298320378,-178.373084432939
28.407604527354,-178.373102574826
28.4073759780005,-178.373110362557
28.4072879299774,-178.373108801325
28.4072124919245,-178.373095893628
28.4070942866693,-178.373047961224
28.4069001635924,-178.372929962821
28.4068044651715,-178.372880465236
28.4063346486959,-178.37269575875
28.4061712457981,-178.372623957064
28.4060650960151,-178.372562985851
28.4057890082822,-178.372379664583
28.4055714367115,-178.372260859413
28.4054317577662,-178.372195573897
28.4053452063586,-178.372168097714
28.4052597241676,-178.372155430028
28.4049757074328,-178.372156619439
28.4047431688725,-178.37213725722
28.404496156032,-178.372100459152
28.4043376404912,-178.372058615976
28.4035318283633,-178.371745482784
28.4030054486255,-178.371472976053
28.4021797385169,-178.371094207383
28.4020640484569,-178.371029077322
28.4019511934436,-178.370947785191
28.4014898542675,-178.370543302149
28.4011529012935,-178.370279114429
28.4010134308748,-178.370185986203
28.4006676333287,-178.369988636882
28.4005601842749,-178.369909002675
28.4004654128977,-178.36982256543
28.4003999878679,-178.369739938396
28.4003563643204,-178.369652114788
28.4003240555758,-178.369551297319
28.4002644274243,-178.369310035883
28.4002189574616,-178.3691912811
28.4001206091899,-178.369019686022
28.4000128031373,-178.368870083051
28.3999336588153,-178.368788279879
28.3997346818448,-178.368615789507
28.3994787318983,-178.36836030932
28.3990718066049,-178.36790619151
28.3987630763806,-178.367587645581
28.3983350029393,-178.36708657445
28.3981277022844,-178.366865962265
28.3979982473603,-178.366741809569
28.3976512393626,-178.366450895683
28.3975246345045,-178.366330944962
28.3974289015589,-178.366220543901
28.3972511183926,-178.365988164853
28.3971612056852,-178.36590367826
28.3970885446558,-178.365869442073
28.3970047342393,-178.365864134612
28.3969273539972,-178.365879658738
28.3967167938324,-178.365948548984
28.3966232289945,-178.365966624311
28.3960813031799,-178.366005947107
28.3955183000143,-178.366066458534
28.3953371039273,-178.366071252779
28.3951431857674,-178.366054078724
28.3949558576663,-178.366010648401
28.3947334953759,-178.36591451401
28.3946578450832,-178.365870558509
28.394598230932,-178.365824903145
28.3945245087714,-178.365735631445
28.3944114154955,-178.365533428357
28.394165771635,-178.365146263789
28.3938691335836,-178.364765287993
28.3938030206677,-178.364645404173
28.3937432996675,-178.364509004797
28.3936916584524,-178.364337598181
28.3936710114213,-178.364159843255
28.3936746904743,-178.36406354955
28.3936895909531,-178.363944964929
28.3937379290944,-178.363717864669
28.3937395148056,-178.363641862903
28.3937307117556,-178.363550764611
28.393708624444,-178.363448370355
28.3936675857302,-178.363326121068
28.3936033929902,-178.363177377923
28.3935454135917,-178.363069542885
28.3934670748679,-178.362956005459
28.3933946382379,-178.362879045618
28.3930464392077,-178.362627796597
28.3926103305248,-178.362229000998
28.392421397673,-178.362038199415
28.3922746149957,-178.361858305838
28.3921206292032,-178.36161598627
28.3917567719686,-178.360937662975
28.3914948187248,-178.360490168458
28.3912517096991,-178.360119894375
28.3906021013021,-178.359222200613
28.3905276803661,-178.359097208734
28.3903094474434,-178.358685323834
28.390177794095,-178.358482144213
28.3899784079297,-178.358212938252
28.3898957537103,-178.358071584689
28.3898499163907,-178.357968282138
28.389808328109,-178.357818707789
28.3897634574043,-178.357553443547
28.3897359395713,-178.357434906541
28.3895321467285,-178.356856992388
28.3893103873119,-178.356005240311
28.3890641091401,-178.355158334804
28.3889700849976,-178.354864522895
28.3887678156925,-178.354309088879
28.3886418181157,-178.353892306545
28.3884391013068,-178.353085462854
28.3880858511754,-178.351772947083
28.3880203275332,-178.351469639243
28.3879159971197,-178.350893505241
28.3878640901681,-178.350676938826
28.387817793024,-178.350535677971
28.3877649294879,-178.350405644104
28.3875733548711,-178.350037211733
28.3875422759813,-178.349949119552
28.3875219114599,-178.34985807488
28.3875011576542,-178.349641596106
28.3874971634349,-178.349071154907
28.3874666648431,-178.348732203859
28.387399099848,-178.348195431557
28.3873831608239,-178.347521501004
28.3873481268176,-178.347034929899
28.3872668046455,-178.346499916158
28.387160777767,-178.345939506354
28.3870580811145,-178.345467259249
28.3869947907339,-178.345091256727
28.3869712634267,-178.344901526659
28.3869622871071,-178.344725007939
28.3869523972469,-178.344065854772
28.3869741090258,-178.343662013328
28.3869737155667,-178.343522890628
28.386923745802,-178.343133979648
28.3868949891027,-178.342721354834
28.3868692882194,-178.34250383426
28.3868121392255,-178.342242662627
28.386708144847,-178.341869348523
28.3865877694407,-178.34147813319
28.3864947836784,-178.34121515126
28.3864152639326,-178.341025837694
28.3863413640112,-178.340886511212
28.3861306797023,-178.340594310589
28.3860832040573,-178.340514145766
28.3860357296512,-178.34039063855
28.3860101528781,-178.340244716584
28.3860052669493,-178.340112537602
28.3860131190086,-178.339976541653
28.3860784660245,-178.339477267684
28.3860978934346,-178.339261850495
28.3860986594192,-178.339112015174
28.3860831720232,-178.338822501696
28.3860874285897,-178.338688647423
28.386103533604,-178.338561683843
28.3861996260666,-178.338038691698
28.3862152531345,-178.337835426112
28.3862130294373,-178.337668378888
28.3861980995133,-178.337457016214
28.3861011969679,-178.336652710257
28.3859899790472,-178.335973490691
28.3858653701766,-178.335457465786
28.3858019827421,-178.335226864347
28.3855808072346,-178.334502194783
28.3852580420985,-178.333491560769
28.3851455416678,-178.333111009657
28.3850664735356,-178.332814196964
28.3849737847952,-178.332420902176
28.3848412217948,-178.331757582315
28.384609477571,-178.330335807313
28.3845761081285,-178.330077462614
28.3845240767696,-178.329588497861
28.3844985242056,-178.329273209173
28.3844728425936,-178.32853866984
28.3844442583832,-178.32809062766
28.3843818193673,-178.32746303005
28.3843393616279,-178.327153957028
28.3842583848344,-178.326673259859
28.38416481583,-178.326256266741
28.3839034762075,-178.325336763265
28.3837585046474,-178.324870780954
28.3837070865255,-178.324678718437
28.3836858005561,-178.324551277176
28.3836549389117,-178.324254870301
28.3835960686005,-178.323925043753
28.3835520181223,-178.323384846318
28.3834720722654,-178.323105664764
28.3834711154727,-178.323054922521
28.3834796518526,-178.323001555918
28.3835244851356,-178.322883102365
28.383592607653,-178.322755627312
28.3838098620221,-178.32238854175
28.3839959652732,-178.322009421708
28.3840396587791,-178.321885284859
28.3841166307439,-178.321581760578
28.3841755458746,-178.321433368861
28.3842330048658,-178.321322783737
28.3843159100869,-178.321197779186
28.3845528210773,-178.320888829798
28.3848632224572,-178.320452261324
28.3850340706004,-178.320251203683
28.3853615173764,-178.319914325187
28.3854199837047,-178.319832678428
28.3854640145795,-178.319746846059
28.3855190958228,-178.319570934357
28.3855520638301,-178.319357336711
28.3855595803226,-178.319210234309
28.3855558600137,-178.318870868868
28.3855612244974,-178.318709572256
28.3855803877889,-178.318470399434
28.385637586054,-178.317990677463
28.3856464881984,-178.317817175533
28.3856464414323,-178.317624440516
28.3856327888436,-178.317376593938
28.3856115793181,-178.317161929651
28.3854387952264,-178.315886073071
28.3853346588706,-178.315229793775
28.3852051313221,-178.314584203125
28.3849062953933,-178.313293193279
28.3844984599207,-178.311614800454
28.3842366713275,-178.310395482852
28.3841545537195,-178.310042566946
28.3840484462814,-178.309690689585
28.3838194805011,-178.309086189182
28.383614795257,-178.308517195396
28.3835343046045,-178.308225563448
28.3834676128546,-178.307923164035
28.383438617568,-178.30765712433
28.3834135676441,-178.306832581087
28.3833680022055,-178.306297015561
28.3833584227792,-178.306073936636
28.383374916452,-178.305840905378
28.3834721535609,-178.305237918482
28.383478004842,-178.305103637672
28.3834663316485,-178.304989475717
28.3834490627977,-178.304923542836
28.3834229438653,-178.304861908354
28.3833392972526,-178.304744946704
28.3830726303159,-178.304465761796
28.3829890907018,-178.304403491196
28.3829230327674,-178.304378441678
