lat,lon
25.9633030357062,-173.944954156364
25.9667539594617,-173.943035355743
25.9661643146374,-173.941221026984
25.9672533849492,-173.940582971998
25.9672533849492,-173.940582971998
25.9657540091845,-173.939198787666
25.9696194738644,-173.939505248053
25.9701489503211,-173.938475066813
25.9707085330634,-173.938867155889
25.9707085330634,-173.938867155889
25.9709050951786,-173.939471947349
25.9716182302749,-173.93843699499
25.9747533549666,-173.938965651901
25.9747533549666,-173.938965651901
25.9747060206165,-173.936730566377
25.9747060206165,-173.936730566377
25.9758079781189,-173.936701990765
25.975970109464,-173.935681270866
25.9726082411078,-173.933125612357
25.9718348098316,-173.93131603024
25.9723814739296,-173.931098534937
25.9716382143708,-173.930711251517
25.9716382143708,-173.930711251517
25.9705707529815,-173.932365327408
25.9694256852365,-173.930362143971
25.9664698950651,-173.929625782181
25.9644712118098,-173.930694121172
25.9644712118098,-173.930694121172
25.9633390721894,-173.92930055851
25.9616990823912,-173.929952997951
25.9591149227929,-173.929410293116
25.9591149227929,-173.929410293116
25.9563772870739,-173.930294472144
25.9553184259533,-173.932354632591
25.9566126567947,-173.932727590199
25.9520470056636,-173.934065595974
25.9491299679052,-173.935157504228
25.9479978816915,-173.933764058961
25.9490610840769,-173.931907188224
25.9477668529102,-173.931534254602
25.950675236652,-173.930035982479
25.9513451829436,-173.926969695407
25.9542880335714,-173.927096478966
25.9546596654647,-173.92729008574
25.9553942993366,-173.927270993822
25.9553856687831,-173.926864685184
25.9553856687831,-173.926864685184
25.9553856687831,-173.926864685184
25.9553856687831,-173.926864685184
25.9553727208202,-173.926255222573
25.9557400373732,-173.926245673193
25.9580887304621,-173.924355169937
25.9580455212553,-173.922323587918
25.9574513120359,-173.920306363689
25.9550897106067,-173.921587471581
25.9564681203931,-173.91728296503
25.9568898281007,-173.916377610601
25.9561876382463,-173.916192658831
25.9561876382463,-173.916192658831
25.9558695133412,-173.915062647145
25.9558521822927,-173.914250036146
25.9551175574879,-173.914269209279
25.9551175574879,-173.914269209279
25.9538319638682,-173.914302760475
25.9538319638682,-173.914302760475
25.9539982859243,-173.913485369904
25.9540459440053,-173.915720015318
25.9521963856279,-173.915158480237
25.9517944122758,-173.91354289659
25.9524900208812,-173.911695402334
25.9515652369958,-173.911414667202
25.9515652369958,-173.911414667202
25.9533649200576,-173.90963994128
25.9544234422164,-173.907579648883
25.9546705006771,-173.901949621436
25.9550276562494,-173.901465950383
25.9553470837188,-173.899221683514
25.9553470837188,-173.899221683514
25.9558849798537,-173.89859778422
25.9573846894822,-173.899981307985
25.9595972405707,-173.900329827185
25.9619139073531,-173.90039106058
25.9619139073531,-173.90039106058
25.9623476909483,-173.900054424166
25.9626195911734,-173.900738410347
25.9624434157581,-173.904523979159
25.9622771510031,-173.905341436539
25.9616256667688,-173.90495194458
25.9616256667688,-173.90495194458
25.9598939885366,-173.905607101924
25.9528325088616,-173.901929993621
25.9528325088616,-173.901929993621
25.9525922792755,-173.899293927129
25.9532876968728,-173.897446356121
25.9532876968728,-173.897446356121
25.9519977670217,-173.897276944524
25.9571139079041,-173.895923088591
25.9581547654347,-173.893050015285
25.9581416738598,-173.892440557919
25.9592566799747,-173.893021053831
25.9592566799747,-173.893021053831
25.9616354320222,-173.892551981332
25.9627155175289,-173.891507209896
25.9632227953108,-173.889461111592
25.9666553431736,-173.886728107431
25.9694013604434,-173.886249184985
25.9687978915595,-173.883825672392
25.9763144199673,-173.88301750933
25.9777748597512,-173.88257236945
25.9777748597512,-173.88257236945
25.9771976177193,-173.88136781228
25.9779935506316,-173.884192999793
25.9779935506316,-173.884192999793
25.9776393852278,-173.884812242228
25.979821295033,-173.883738173768
25.9805339923529,-173.882702844501
25.9805339923529,-173.882702844501
25.9812861166378,-173.88349621488
25.9825366130674,-173.881836748392
25.9849328270782,-173.882180094909
25.9855451103948,-173.885010314328
25.9911027814708,-173.887100224657
25.9911027814708,-173.887100224657
25.9912951853795,-173.887501798272
25.9931535715588,-173.888469429441
25.9950075792211,-173.889233873447
25.9950075792211,-173.889233873447
25.9943515583732,-173.884371268314
25.9997956242551,-173.889717672558
26.0007313750332,-173.89050636816
26.0007313750332,-173.89050636816
26.0027313714985,-173.894642568813
26.0027313714985,-173.894642568813
26.008602028589,-173.89761966839
26.009730125598,-173.898810137825
26.0090478552297,-173.90126834872
26.0094722555782,-173.895359859564
26.0166299211181,-173.903509547449
26.01740374245,-173.905319564138
26.0183350732499,-173.905905237059
26.0183350732499,-173.905905237059
26.0178015299807,-173.906732726317
26.0168876165103,-173.906960073098
26.0168876165103,-173.906960073098
26.0157791666018,-173.906684096482
26.0154270942375,-173.907405120566
26.0152477927383,-173.907613190708
26.0152477927383,-173.907613190708
26.0145088267141,-173.907429203409
26.0133764360285,-173.906035350303
26.0174820936614,-173.908978193624
26.0185579077616,-173.907729748541
26.0189339186597,-173.90812663456
26.0189339186597,-173.90812663456
26.0218854299078,-173.908659362842
26.022728743693,-173.913721772547
26.0240403872524,-173.914907732007
26.0255313363057,-173.915885639236
26.0257280152668,-173.916490653152
26.0257280152668,-173.916490653152
26.0262702969019,-173.91606969041
26.0273244472165,-173.913804823253
26.0287359198237,-173.919666230335
26.0305984912723,-173.920837917794
26.0313027556069,-173.919395736294
26.0327980199341,-173.92057704017
26.0337553135852,-173.922382632365
26.0311884676086,-173.922653073378
26.0393061494194,-173.924170023193
26.0395352788329,-173.92629986433
26.0441569854009,-173.927603189056
26.0440079453158,-173.92923443661
26.0451142104607,-173.929409012312
26.0472165782769,-173.933219281847
26.0484978570784,-173.932982482362
26.0482125946619,-173.93685504421
26.0457948289312,-173.935493969876
26.0482902328273,-173.940514738307
26.0485169838985,-173.9425431392
26.049067960059,-173.942528832049
26.0488972237921,-173.943143555844
26.0488972237921,-173.943143555844
26.0505415376611,-173.942693998644
26.0493162063537,-173.945573850029
26.0520926117015,-173.946519000151
26.0528487600266,-173.947516574812
26.0541343762032,-173.947483238685
26.0541343762032,-173.947483238685
26.0523321836339,-173.949157462536
26.0510551622953,-173.949597424155
26.0514654514463,-173.951621148162
26.052396638215,-173.952207348296
26.052396638215,-173.952207348296
26.0527639587825,-173.952197838731
26.0527725480105,-173.952604492212
26.057188984531,-173.952897047087
26.0583081230588,-173.953681864058
26.0582522813826,-173.951038492872
26.0612509826952,-173.953809140922
26.0638866109502,-173.956792775315
26.0657275088354,-173.956948622965
26.0670174243283,-173.957118723045
26.0675769865077,-173.957511178845
26.0675769865077,-173.957511178845
26.0677477768939,-173.956896368608
26.0682815939951,-173.956068699224
26.0690548521673,-173.957879891839
26.0683244978751,-173.95810224368
26.0683244978751,-173.95810224368
26.0685167361823,-173.958504204843
26.0705584468343,-173.959468764126
26.0703919328328,-173.9602869456
26.0703919328328,-173.9602869456
26.0709429164541,-173.960272707649
26.0707763980289,-173.961090891214
26.0716157290163,-173.961679622306
26.0732025536029,-173.962859479851
26.073616973227,-173.965087008524
26.0717077339391,-173.964593661959
26.0727499998311,-173.967551069438
26.0744200654152,-173.968321920071
26.0730063189683,-173.971003536134
26.0722310714714,-173.973465188124
26.0739844091375,-173.973827026275
26.0758082378803,-173.973169656998
26.0769528939032,-173.97517502024
26.0760601670182,-173.976418868127
26.0756843102709,-173.976021570265
26.0756843102709,-173.976021570265
26.0744071923988,-173.976461363675
26.0760900103182,-173.977842469724
26.0770509412716,-173.979852606831
26.0767006485004,-173.980675533556
26.0757823257866,-173.98069911011
26.0757823257866,-173.98069911011
26.0756029193062,-173.980907196812
26.0772771881059,-173.98188163402
26.0743513194079,-173.98256715569
26.0737236828593,-173.978920661287
26.0758056769613,-173.987087811215
26.072099687483,-173.989136129772
26.0717323553104,-173.989145532217
26.0715401972253,-173.988743501272
26.0715401972253,-173.988743501272
26.0712110694926,-173.990583194899
26.0705273055035,-173.9930423673
26.0705273055035,-173.9930423673
26.0701854068051,-173.994271944291
26.0690664500981,-173.993486649784
26.0683911017135,-173.996352488256
26.067846451647,-173.996671596894
26.0674685296079,-173.996172573515
26.0674685296079,-173.996172573515
26.0665205403788,-173.994772509242
26.0663961631505,-173.997624219064
26.0675193314522,-173.998612901146
26.0675193314522,-173.998612901146
26.0675510616934,-174.000138108731
26.0660711428002,-173.99966717644
26.0653167710947,-173.989920111802
26.0650864072597,-173.987687906395
26.0630830641583,-173.988553031514
26.0626605199174,-173.985918876364
26.0574200974787,-173.981373742061
26.0568563374814,-173.980777855151
26.0568563374814,-173.980777855151
26.0575782300958,-173.980148989196
26.0551650454861,-173.978990228561
26.0458241383312,-173.971703037517
26.0452432759737,-173.970293985119
26.0415486621188,-173.969371923462
26.0402800903124,-173.970218236276
26.039361771868,-173.970241856374
26.039361771868,-173.970241856374
26.0379052623426,-173.970889559753
26.0379052623426,-173.970889559753
26.0361368427704,-173.974189612337
26.0239808944732,-173.972874591161
26.0226739330788,-173.971891212948
26.0230284725697,-173.971271939845
26.0215676839952,-173.971716242626
26.0215676839952,-173.971716242626
26.0144303309346,-173.973119792427
26.0144303309346,-173.973119792427
26.01391340351,-173.974760045349
26.0120767520594,-173.974807158691
26.0129354509087,-173.971937933278
26.0091423648077,-173.975085786367
26.0014071409998,-173.974267356316
26.0014071409998,-173.974267356316
26.0006852459742,-173.974895918369
25.9995747427678,-173.974517690499
25.9988528454969,-173.975146240149
25.9979472790534,-173.975779488589
25.9979472790534,-173.975779488589
25.9963339702282,-173.977718681674
25.9984505752311,-173.982273693064
25.9979165495172,-173.983100734558
25.9969982147452,-173.983124210289
25.9969982147452,-173.983124210289
25.9940553000399,-173.98299609361
25.9925774783565,-173.982627191529
25.9925774783565,-173.982627191529
25.9925774783565,-173.982627191529
25.9925774783565,-173.982627191529
25.9901346302699,-173.980046304561
25.9888234828493,-173.978859861856
25.9860132482828,-173.976288540834
25.9861373738601,-173.973438809738
25.9873549144041,-173.970154369267
25.9873549144041,-173.970154369267
25.9862358840751,-173.969369785808
25.9884398625015,-173.969313212454
25.9872824586104,-173.966699679728
25.9866760037699,-173.964072034924
25.9809909510957,-173.964624821146
25.9802562941516,-173.964643702581
25.9800555623844,-173.963835607749
25.9800555623844,-173.963835607749
25.9789236999387,-173.96244152441
25.97926113564,-173.961009663932
25.97926113564,-173.961009663932
25.9801837251553,-173.961189238209
25.9773006000592,-173.963906424816
25.9773006000592,-173.963906424816
25.9761858133372,-173.963325157766
25.9754682242681,-173.964156826309
25.9760746562868,-173.966784228273
25.9760746562868,-173.966784228273
25.9762881531892,-173.968201897249
25.9786203775637,-173.965498988868
25.9748318505514,-173.960107097126
25.9744388872858,-173.958897390027
25.9744388872858,-173.958897390027
25.9744175160954,-173.957881425147
25.9745840771177,-173.957063923235
25.9738451485675,-173.956879654578
25.9738451485675,-173.956879654578
25.9738109293105,-173.955254122538
25.9738109293105,-173.955254122538
25.9727046739039,-173.955079333327
25.9734093667734,-173.953638065384
25.9730163524621,-173.952428399802
25.9730163524621,-173.952428399802
25.9724525172737,-173.951833047552
25.9733665450135,-173.951606164425
25.9721194482205,-173.953468027671
25.9752802315736,-173.955216253036
25.9770226482866,-173.950698589427
25.9775522028497,-173.949668381425
25.9760914814489,-173.95011271212
25.9765481013741,-173.94562820251
25.9790978876308,-173.94454571912
25.9820192782072,-173.943656879971
25.983928882223,-173.947063860274
25.9869189451136,-173.949426430424
25.9851423395848,-173.952318820109
25.984206890267,-173.951529687436
25.982173752777,-173.950972225983
25.9633030357062,-173.944954156364
