lat,lon
23.5785938471284,-164.701626359969
23.5785939226714,-164.701665560517
23.5786300529347,-164.701665478679
23.5786299773916,-164.70162627903
23.5785938471284,-164.701626359969
23.5785239140474,-164.702841721768
23.5785239895905,-164.702880921417
23.5785601198537,-164.702880840478
23.57856004521,-164.702841640829
23.5785239140474,-164.702841721768
23.5781619333266,-164.702489737012
23.5781620079703,-164.702528936661
23.5782342693961,-164.702528773884
23.578234193853,-164.702489573335
23.5781619333266,-164.702489737012
23.5779822541778,-164.702999740745
23.5779823297208,-164.703038940395
23.578018459984,-164.703038859456
23.5780183853403,-164.702999659806
23.5779822541778,-164.702999740745
23.5779103677693,-164.703195902669
23.5778740873193,-164.703117584309
23.5778381063436,-164.703196064547
23.5779103677693,-164.703195902669
23.5776942570844,-164.703549186945
23.5776943317281,-164.703588386595
23.5777304628906,-164.703588305656
23.5777303882469,-164.703549106006
23.5776942570844,-164.703549186945
23.5776576780594,-164.703314069988
23.5779105925998,-164.703313501617
23.5779108911747,-164.703470300214
23.5779470223372,-164.703470219275
23.5779471716247,-164.703548618574
23.577983377431,-164.703587737284
23.5779472462685,-164.703587819123
23.5779471716247,-164.703548618574
23.5779110413615,-164.703548700412
23.5779108911747,-164.703470300214
23.5778750594865,-164.70362718065
23.5779835267184,-164.703666137482
23.5781278247394,-164.70354821298
23.5782362164283,-164.703547970163
23.5783081792791,-164.703391007889
23.578416570968,-164.703390765072
23.5785239895905,-164.702880921417
23.578487858428,-164.702881003256
23.5784877837842,-164.702841803606
23.5785239140474,-164.702841721768
23.5785958004559,-164.702645559845
23.5785595946496,-164.702606441134
23.5785957258121,-164.702606359296
23.5785958004559,-164.702645559845
23.57873994829,-164.702449234245
23.578703592297,-164.702331715336
23.5787759283664,-164.702370752208
23.5788479649617,-164.702252989584
23.5788476636888,-164.702096189188
23.5787753276193,-164.702057152316
23.578847589045,-164.702056989538
23.5789554546306,-164.70178234378
23.5789190230945,-164.701625625222
23.5786300529347,-164.701665478679
23.5785220371623,-164.70186172334
23.5783775898539,-164.701901249443
23.578342661085,-164.702528529268
23.5782342693961,-164.702528773884
23.5781262527244,-164.702725016746
23.5781625331744,-164.702803335106
23.5781264020119,-164.702803416944
23.5781262527244,-164.702725016746
23.5780542161292,-164.702842779371
23.5779458244403,-164.702843023087
23.5779459737278,-164.702921422386
23.5780181605098,-164.702882059959
23.5780183853403,-164.702999659806
23.5780546657903,-164.703077978166
23.5779824043645,-164.703078140044
23.5779103677693,-164.703195902669
23.5779105170568,-164.703274301967
23.5778381809873,-164.703235264196
23.5776576780594,-164.703314069988
23.5775854166337,-164.703314231866
23.5775854912774,-164.703353431516
23.5776577527032,-164.703353269638
23.5776576780594,-164.703314069988
23.5775854166337,-164.703314231866
23.57758534199,-164.703275032217
23.5775492108274,-164.703275114055
23.5775854166337,-164.703314231866
23.5774767254705,-164.703157676985
23.5774768001143,-164.703196876635
23.5775129303775,-164.703196795696
23.5775130050212,-164.703235995345
23.5775851918032,-164.703196632918
23.5774767254705,-164.703157676985
23.5768987842516,-164.703237375804
23.5769349900578,-164.703276494515
23.5769349154141,-164.703237294865
23.5768987842516,-164.703237375804
23.5767588092717,-164.70562886558
23.576759106048,-164.705785663278
23.5768313674737,-164.705785502299
23.5768310706974,-164.705628704601
23.5767588092717,-164.70562886558
23.5767587355273,-164.70558966593
23.576830996953,-164.705589504952
23.5768310706974,-164.705628704601
23.5768667557962,-164.705393427565
23.5767582148198,-164.705315270184
23.5767579917879,-164.705197672135
23.5768304025011,-164.705275909556
23.576793973663,-164.705119192796
23.5769022169638,-164.70504055158
23.5769380504507,-164.704883672943
23.5769014723251,-164.704648556885
23.5765767433221,-164.704884480534
23.5766490793915,-164.704923518306
23.5765769672533,-164.705002078583
23.5767219361685,-164.705236951824
23.5766860280378,-164.705354630812
23.5767582894636,-164.705354469833
23.5767588092717,-164.70562886558
23.5765762972584,-164.704649284437
23.5765763710028,-164.704688483187
23.5766124275216,-164.704649203498
23.5765762972584,-164.704649284437
23.5765763710028,-164.704688483187
23.5765403153833,-164.704727763775
23.5765764456465,-164.704727682836
23.5765763710028,-164.704688483187
23.5746194768075,-164.701635341498
23.5748732178248,-164.702065957578
23.5748735937414,-164.702261952227
23.5749822111601,-164.702379303862
23.5749824359907,-164.702496901011
23.5750908285789,-164.702496656396
23.5750549222469,-164.702614334484
23.5751995952851,-164.702692407329
23.5751632392921,-164.702574892018
23.5752717811678,-164.702653045801
23.575452284995,-164.702574240908
23.575488565445,-164.70265255747
23.5754887156318,-164.702730955869
23.5751995952851,-164.702692407329
23.575344267424,-164.702770480173
23.5754169038671,-164.702966312046
23.5755252209123,-164.702926869579
23.5754893145802,-164.703044547668
23.5753809228913,-164.703044791384
23.5753810730781,-164.703123189783
23.5755255203865,-164.703083665479
23.575525669674,-164.703162063878
23.5756701925254,-164.703161738324
23.5757421544769,-164.703004779647
23.5757063236879,-164.703161657385
23.5757785851137,-164.703161495507
23.5758149402074,-164.703279011717
23.5759232572526,-164.703239568351
23.5759236313705,-164.703435564799
23.5760319484157,-164.703396121434
23.5759601357517,-164.703631479409
23.5760323971774,-164.703631316632
23.5760684527969,-164.703592036943
23.5760685274406,-164.703631235693
23.5760323971774,-164.703631316632
23.5761410127976,-164.703748670964
23.5761050318218,-164.703827151202
23.5761413122718,-164.703905468662
23.5762134981545,-164.703866107135
23.5762139469161,-164.704101302333
23.5761418347779,-164.704179862611
23.5762502264668,-164.704179619794
23.5761420578098,-164.704297460659
23.5762865806612,-164.704297136903
23.5762506743292,-164.704414815891
23.5763590660181,-164.704414573074
23.5763594383375,-164.704610569522
23.5764316997632,-164.704610407644
23.5763595129812,-164.704649769171
23.5763598106568,-164.70480656597
23.5765041842208,-164.704727844714
23.5764676816382,-164.704531928306
23.5764315504757,-164.704532009245
23.576431475832,-164.704492810495
23.5764676816382,-164.704531928306
23.5765762972584,-164.704649284437
23.5765762226146,-164.704610084788
23.5766123528778,-164.704610003849
23.5766124275216,-164.704649203498
23.5766484093966,-164.70457072326
23.5766122782341,-164.704570804199
23.576612129846,-164.7044924058
23.5766484093966,-164.70457072326
23.5767927083169,-164.704452802355
23.5768650443864,-164.704491840126
23.5768649697426,-164.704452640477
23.5769011000058,-164.704452559538
23.5768650443864,-164.704491840126
23.5768290625113,-164.704570319465
23.5769374542002,-164.704570076648
23.5770453242823,-164.704295438084
23.577225977397,-164.704295033389
23.5773339967666,-164.704098792325
23.5774423884555,-164.704098549508
23.5774416420182,-164.703706553015
23.5775500337072,-164.703706310198
23.5775859400392,-164.703588630311
23.5776943317281,-164.703588386595
23.5776582014649,-164.703588467534
23.5776581268211,-164.703549267884
23.5776942570844,-164.703549186945
23.5777300887726,-164.70339230651
23.5775495849454,-164.703471112302
23.5775855659212,-164.703392631165
23.5774410430697,-164.70339295582
23.5775130050212,-164.703235995345
23.577476874758,-164.703236076284
23.5774768001143,-164.703196876635
23.5771515495044,-164.703158408134
23.5771879045982,-164.703275926143
23.577043307103,-164.703237051149
23.5770434563905,-164.703315450448
23.5770073261273,-164.703315531387
23.577043307103,-164.703237051149
23.5771154183419,-164.703158489972
23.5769349154141,-164.703237294865
23.5769710456773,-164.703237213926
23.576971120321,-164.703276412676
23.5769349900578,-164.703276494515
23.5768268223001,-164.70339433628
23.5768633266812,-164.703590251789
23.5766104876839,-164.70363001981
23.5765380014277,-164.703512583639
23.5765019458082,-164.703551864227
23.5765018711645,-164.703512664578
23.5765380014277,-164.703512583639
23.5764655160708,-164.703395147468
23.5763571990256,-164.703434590834
23.5761763957241,-164.703356598029
23.5761764712672,-164.703395796779
23.5760680786789,-164.703396040495
23.5761763957241,-164.703356598029
23.576176171793,-164.70323899998
23.5761039103672,-164.703239162757
23.576139891343,-164.703160682519
23.5760676299172,-164.703160845297
23.576067704561,-164.703200044047
23.5760315742978,-164.703200125885
23.5760314996541,-164.703160926236
23.5759952192041,-164.703082609675
23.5760672557993,-164.702964848849
23.5759949188305,-164.702925812876
23.5760671056125,-164.702886450449
23.576066880782,-164.7027688533
23.5761752724709,-164.702768608684
23.5761748228099,-164.702533413486
23.5762831398551,-164.702493970121
23.5762468585058,-164.70241565266
23.5763191199315,-164.702415489883
23.5762466336753,-164.702298055511
23.5763187449142,-164.702219493435
23.5762822387344,-164.702023578825
23.5763544246171,-164.701984216398
23.5761014345337,-164.701945587819
23.5761012097031,-164.701827990669
23.5759204810454,-164.701789199312
23.5758479938899,-164.70167176494
23.5757758080072,-164.701711127367
23.5758120884572,-164.701789443928
23.5757040726849,-164.701985684092
23.5756310594259,-164.701593856671
23.5756668893155,-164.701436978933
23.5755944768037,-164.701358744211
23.5756303813371,-164.701241065223
23.5755220651912,-164.701280509488
23.5755216883753,-164.701084513939
23.5754494269495,-164.701084677616
23.5754495024926,-164.701123876366
23.5754133713301,-164.701123958204
23.5753773166099,-164.701163238792
23.5753772410669,-164.701124040042
23.5754133713301,-164.701123958204
23.5754132966863,-164.701084759454
23.5754494269495,-164.701084677616
23.5755215372891,-164.70100611554
23.5754851048538,-164.700849401479
23.5753407330884,-164.700928127231
23.5753766376218,-164.700810448244
23.5754851048538,-164.700849401479
23.5754488235045,-164.700771085817
23.5756294766191,-164.700770675726
23.5756653811525,-164.700652996738
23.5757737728414,-164.700652751223
23.575773168497,-164.700339158525
23.5758811069276,-164.700103716913
23.5758447491359,-164.699986201602
23.5756998485692,-164.699790535205
23.5757356757609,-164.699633656568
23.5756269810004,-164.699477106183
23.5755549471032,-164.699594867909
23.5754465554143,-164.699595114323
23.5755187403976,-164.699555750997
23.5754462514434,-164.699438318424
23.5755179822691,-164.699163760799
23.5754457208434,-164.699163925375
23.575445568858,-164.699085527875
23.5753372536114,-164.699124973938
23.5754091346239,-164.698928813814
23.5752285579516,-164.698968424453
23.5753004389641,-164.698772265228
23.5752281019954,-164.698733231054
23.5753002869787,-164.698693866828
23.5752640047301,-164.698615552066
23.5752640802731,-164.698654750816
23.5752279500099,-164.698654832654
23.5752278735675,-164.698615633904
23.5751917433043,-164.698615716642
23.575191666862,-164.698576517892
23.5752277980245,-164.698576435154
23.57529975458,-164.698419474679
23.5753720160058,-164.698419309204
23.5753716355925,-164.698223314554
23.5754075383273,-164.698105634667
23.575479799753,-164.698105469192
23.5754795713252,-164.697987872043
23.5755880385572,-164.698026823479
23.575515625146,-164.697948590555
23.5755876581439,-164.69783082793
23.5755153967182,-164.697830993406
23.5755154731606,-164.697870193055
23.5754793419981,-164.697870275793
23.5755153967182,-164.697830993406
23.5755153202759,-164.697791794656
23.5754430588501,-164.697791960131
23.5754790371279,-164.697713478994
23.5755153202759,-164.697791794656
23.5755514514384,-164.697791711918
23.5755149389633,-164.697595799107
23.5754067001591,-164.697674445719
23.575406470832,-164.69755684857
23.5753703405688,-164.697556931307
23.5753700356987,-164.697400135408
23.5754061659619,-164.69740005267
23.5754059366347,-164.697282455521
23.5753698063715,-164.697282538259
23.5753699592562,-164.697360936658
23.5753338280937,-164.697361019395
23.5753336761083,-164.697282620996
23.5753698063715,-164.697282538259
23.575297392061,-164.697204306234
23.5752969343061,-164.696969112834
23.5751883888331,-164.696890963547
23.5751880066213,-164.696694968898
23.5752601151622,-164.696616405023
23.5751874715247,-164.696420575849
23.5752227591231,-164.695989305062
23.5751503439133,-164.695911073038
23.5752585827175,-164.695832425526
23.5752222222278,-164.695714912014
23.5752944827542,-164.695714745639
23.5751495767916,-164.695519084638
23.5752217608756,-164.695479718614
23.5752214542068,-164.695322922715
23.5750770086971,-164.695362455113
23.5750770851394,-164.695401653863
23.5750409548762,-164.6954017375
23.5750408775345,-164.69536253875
23.5750047472713,-164.695362622387
23.5750046699296,-164.695323422738
23.5750408010921,-164.69532334
23.5749323320615,-164.695284391262
23.5749680018719,-164.695049114225
23.5747871940738,-164.694971134011
23.5748235554628,-164.695088646624
23.5748596866253,-164.695088563886
23.5748597630676,-164.695127762636
23.5748235554628,-164.695088646624
23.5747512175947,-164.695049615148
23.5747514487204,-164.695167211398
23.5747153175579,-164.695167295035
23.5747512175947,-164.695049615148
23.5747509864689,-164.694932018898
23.5747148562057,-164.694932102534
23.5747147024216,-164.694853705034
23.5747508326849,-164.694853621397
23.5747507562425,-164.694814422647
23.5747146250799,-164.694814506284
23.5747145486376,-164.694775306635
23.5747507562425,-164.694814422647
23.5748226327584,-164.694618261623
23.5748224016326,-164.694500664474
23.5747501402068,-164.694500831748
23.5747141637277,-164.694579312885
23.5745335870554,-164.69461892982
23.5744979954861,-164.694893404707
23.5746064645168,-164.694932352546
23.5746429023481,-164.695089063909
23.5745707182641,-164.695128429933
23.5746791872947,-164.695167378672
23.5746071560955,-164.695285141296
23.5746072334371,-164.695324340046
23.5746435174844,-164.695402653909
23.574498994633,-164.695402987558
23.5744992257587,-164.695520583808
23.5746076174476,-164.695520333796
23.5746078476741,-164.695637930046
23.57453566359,-164.695677295171
23.5745724071909,-164.695990802434
23.5746809526639,-164.696068949922
23.5746089214646,-164.696186712547
23.5747173131535,-164.696186463435
23.5746452055119,-164.696265027309
23.5747176198224,-164.696343258435
23.5746456650654,-164.696500219809
23.5746821775405,-164.696696130822
23.574718308703,-164.696696048084
23.5747183851454,-164.696735246834
23.5746821775405,-164.696696130822
23.5746466588163,-164.69700980356
23.5747191495691,-164.697127234334
23.5747914109949,-164.697127068859
23.5747192260115,-164.697166433084
23.5746832477337,-164.697244913322
23.5746837054887,-164.697480106722
23.5747198366512,-164.697480023984
23.5747199130936,-164.697519222734
23.5747560433568,-164.697519139996
23.5747561197991,-164.697558338746
23.5747199886366,-164.697558421484
23.574720065079,-164.697597620234
23.5747561962415,-164.697597537496
23.5747562726839,-164.697636736246
23.574720065079,-164.697597620234
23.5746125115582,-164.698029054697
23.5746135008125,-164.698538638447
23.574505261109,-164.698617283261
23.5745776745201,-164.698695516185
23.5744692828312,-164.698695763499
23.5744339115958,-164.699087832837
23.5742895407298,-164.699166559489
23.5743618776985,-164.699205593663
23.5743621807701,-164.699362388663
23.5742899957867,-164.699401751989
23.5742551524534,-164.700068211679
23.5742912827166,-164.700068128941
23.5742913582596,-164.700107327691
23.5742551524534,-164.700068211679
23.5742556812547,-164.700342602029
23.574364073843,-164.700342355615
23.5742921901325,-164.700538513042
23.5744007329075,-164.700616665027
23.5743285470249,-164.700656027454
23.5743290749269,-164.700930418704
23.5744014118957,-164.700969453777
23.5743293015561,-164.701048014055
23.5743655829054,-164.701126329716
23.5744739745943,-164.701126085101
23.5743658086352,-164.701243925966
23.5744744269533,-164.701361276702
23.5745828186422,-164.701361032086
23.5745830452714,-164.701478628336
23.5747275672235,-164.701478301882
23.5746915871471,-164.70155678122
23.5745831954582,-164.701557025836
23.5746194768075,-164.701635341498
23.5751930338315,-164.69928209899
23.5753010469058,-164.699085857027
23.5752654472427,-164.699360331914
23.5754103487087,-164.699555998311
23.5753744450747,-164.699673677298
23.5753021081059,-164.699634642225
23.5753017294913,-164.699438647576
23.57519326136,-164.69939969524
23.5751930338315,-164.69928209899
