lat,lon
21.8354431237349,-160.177867444873
21.835471560335,-160.177778347874
21.835471560335,-160.177778347874
21.835360364535,-160.177777437874
21.8361596900356,-160.177198586879
21.8363608288357,-160.17714647488
21.8363608288357,-160.17714647488
21.8363474208358,-160.177015806881
21.8363907681358,-160.176970082881
21.836389621536,-160.176628318885
21.836389621536,-160.176628318885
21.8365867637361,-160.176633770885
21.834033845634,-160.178686415866
21.8339216435338,-160.178835250865
21.8338433242339,-160.178757812865
21.8338433242339,-160.178757812865
21.8336879106337,-160.178933171864
21.8337877119337,-160.179014626863
21.8337877119337,-160.179014626863
21.8338158697336,-160.179087815862
21.8335427033335,-160.179185411861
21.8334670362334,-160.179238550861
21.8334387129334,-160.179188399861
21.8334387129334,-160.179188399861
21.8314044626319,-160.180608905849
21.8312833608318,-160.180683239848
21.8312833608318,-160.180683239848
21.8313363282318,-160.180769764847
21.8414271335399,-160.173067690917
21.8413869041399,-160.172970168918
21.84149244314,-160.172890986918
21.84149244314,-160.172890986918
21.8450663741414,-160.17249434392
21.8450663741414,-160.17249434392
21.8451487718414,-160.17250269692
21.8451960312415,-160.172410916921
21.8450900946416,-160.172183482923
21.8453199110417,-160.172131594924
21.8453931644419,-160.171913301926
21.8453931644419,-160.171913301926
21.845447429542,-160.171844620926
21.845444117342,-160.171806191927
21.845444117342,-160.171806191927
21.8455594355421,-160.171722647927
21.8456099244421,-160.171680816928
21.8457032407422,-160.171666217928
21.8457032407422,-160.171666217928
21.8456930046422,-160.171593169929
21.8459537640424,-160.171385158931
21.8459537640424,-160.171385158931
21.8461887046424,-160.17145896293
21.8466029063427,-160.171189683932
21.847002741343,-160.170924126934
21.8453566231421,-160.17150594393
21.845268893342,-160.171743319927
21.8450215618419,-160.171737463928
21.8450215618419,-160.171737463928
21.8485061371446,-160.16923513595
21.8485061371446,-160.16923513595
21.8485702569446,-160.16929326195
21.8486392421447,-160.169170933951
21.8487397009447,-160.169160230951
21.8492266235448,-160.16925251895
21.8492266235448,-160.16925251895
21.8498365212463,-160.167221041969
21.8499370529463,-160.167208408969
21.8499370529463,-160.167208408969
21.8498168657464,-160.167041561971
21.8516383480468,-160.167378847967
21.8516383480468,-160.167378847967
21.8516486947467,-160.167436536966
21.8518641156468,-160.167392202966
21.8594350025524,-160.16244562801
21.8594426063525,-160.162384240011
21.8594426063525,-160.162384240011
21.8596982188526,-160.162232685012
21.8598237453527,-160.162226021012
21.8600074966528,-160.162096927013
21.8600074966528,-160.162096927013
21.860252381053,-160.161941444015
21.860299500153,-160.161868854015
21.860299500153,-160.161868854015
21.860431762553,-160.161923693015
21.8605475089532,-160.161778686016
21.8606619017532,-160.161825699016
21.8606619017532,-160.161825699016
21.8608699086533,-160.161815860016
21.8609967877534,-160.161617174017
21.8613262588535,-160.161718190016
21.8613262588535,-160.161718190016
21.8615810493536,-160.161633421017
21.8617125149539,-160.16129266902
21.8615228119538,-160.161248888021
21.861685431854,-160.161065853023
21.861607050554,-160.160996088023
21.861607050554,-160.160996088023
21.8617934665541,-160.160997594023
21.8618543830541,-160.161001928023
21.8618543830541,-160.161001928023
21.8619440058541,-160.161002652023
21.8619440058541,-160.161002652023
21.8619792332541,-160.161091271022
21.8620621192541,-160.161030491023
21.8617981061542,-160.160847847025
21.8632962930555,-160.159449669037
21.8632962930555,-160.159449669037
21.8633932030555,-160.159484900037
21.8634231118556,-160.159394472038
21.8635371188557,-160.159317949039
21.8635611829558,-160.15918573604
21.8635611829558,-160.15918573604
21.8636781361558,-160.15920497204
21.8636928994558,-160.15918679904
21.8637226517559,-160.159098616041
21.8637226517559,-160.159098616041
21.863799165156,-160.159041683041
21.864199779856,-160.159227165039
21.8668522816589,-160.15586881707
21.8668522816589,-160.15586881707
21.866945543159,-160.15586188707
21.8670551920592,-160.155563189073
21.8727092351678,-160.144778823175
21.8742240793785,-160.128566561332
21.8778433487806,-160.127073949345
21.8764139761846,-160.119788994416
21.8812058734917,-160.110785107501
21.878369596993,-160.107240361536
21.8856640619003,-160.09917692761
21.8835229947015,-160.096035734642
21.895856282819,-160.073685930849
21.9277438765237,-160.082944602744
21.9536072274361,-160.076248677794
21.9763775634516,-160.062593797913
21.9766449021572,-160.053478228
21.9821761779613,-160.049608623034
21.995675103462,-160.055720118969
22.0025925015564,-160.06873703984
21.9991022920455,-160.084867515687
22.0046684588451,-160.088418286649
22.0046684588451,-160.088418286649
22.0051305628427,-160.092626253608
22.0148825017425,-160.09808334855
22.0148825017425,-160.09808334855
22.0166490742402,-160.102664654505
22.0212961248452,-160.096960155558
22.0267171599505,-160.09125419461
22.0228470713514,-160.087715389646
22.0289051043458,-160.100017856524
21.9960615241353,-160.095
21.9943226103283,-160.110297293443
21.97542911142,-160.113991738417
21.954827113707,-160.124243294329
21.9379693200769,-160.163208617957
21.9376935303766,-160.163420671955
21.9376935303766,-160.163420671955
21.9376445200765,-160.163590026953
21.9377639050765,-160.163610215953
21.9294372189703,-160.169214164903
21.9278255753649,-160.176826081829
21.9277800390648,-160.176925790828
21.9277800390648,-160.176925790828
21.9278242866647,-160.177006220827
21.9278197882646,-160.177175279825
21.9276920098645,-160.177259418824
21.9276920098645,-160.177259418824
21.9277151826645,-160.177353317824
21.9261376270613,-160.181495529783
21.9260437656613,-160.181483967784
21.9260437656613,-160.181483967784
21.9261100636612,-160.181595987783
21.9258976078597,-160.18384528476
21.9258976078597,-160.18384528476
21.9258771149597,-160.18389545876
21.9259269482596,-160.183964193759
21.9259269482596,-160.183964193759
21.9259607042597,-160.183935704759
21.9259768839596,-160.184018544759
21.9259394874595,-160.184086557758
21.9259662234595,-160.184101162758
21.9259662234595,-160.184101162758
21.9259892163595,-160.184169675757
21.9260400073596,-160.184105368758
21.9253959552574,-160.187097901729
21.9252056460571,-160.187429166725
21.9250931912571,-160.187484279725
21.9250931912571,-160.187484279725
21.925148696557,-160.187556797724
21.9165500392499,-160.194282574663
21.9163956498496,-160.194651755659
21.9163956498496,-160.194651755659
21.9165242574496,-160.194746706658
21.9164594828495,-160.194922298656
21.9165144611494,-160.195066864655
21.9163021761494,-160.194981030656
21.9163021761494,-160.194981030656
21.9160073954486,-160.195967306646
21.9159514864486,-160.195950827646
21.9159514864486,-160.195950827646
21.9159654367486,-160.196087045645
21.9135248979466,-160.197823941629
21.9134094627467,-160.19777494063
21.9134094627467,-160.19777494063
21.9134639724465,-160.197983547628
21.9048606314398,-160.204043807573
21.8933742025264,-160.218852865432
21.8935082032263,-160.21912562443
21.8935082032263,-160.21912562443
21.8933407405262,-160.219197073429
21.8889134320201,-160.226238029361
21.8889134320201,-160.226238029361
21.8888645799201,-160.226277632361
21.88894624202,-160.22634636836
21.8913926480198,-160.227872845343
21.8916195739191,-160.228983727332
21.8924529828197,-160.228482222337
21.8924529828197,-160.228482222337
21.885184480417,-160.229090077335
21.8850382074167,-160.22957707833
21.8850382074167,-160.22957707833
21.8850407327166,-160.229674770329
21.8851575124166,-160.229731584329
21.8815226658159,-160.229080286338
21.8813662153159,-160.229022918338
21.881539009216,-160.228892333339
21.881539009216,-160.228892333339
21.8759163659115,-160.232990436302
21.8758999470115,-160.233058668301
21.8757696874115,-160.233013592302
21.8757696874115,-160.233013592302
21.8692817318089,-160.233805414298
21.8692232120089,-160.233794447298
21.8692366254089,-160.233742245299
21.8692366254089,-160.233742245299
21.8686072780086,-160.233876351298
21.8685122952086,-160.233952267297
21.8685122952086,-160.233952267297
21.8685834972085,-160.234008685296
21.8636449485081,-160.232335276316
21.8551254585015,-160.238231539263
21.8550730568015,-160.238272937262
21.8550538643015,-160.238227434263
21.8550538643015,-160.238227434263
21.8531783678003,-160.239124990255
21.8531262278003,-160.239131515255
21.8531262278003,-160.239131515255
21.8531648744002,-160.239187648254
21.8513670342991,-160.240138008246
21.851284124899,-160.240197360245
21.851235181099,-160.240126270246
21.851235181099,-160.240126270246
21.8487571512964,-160.24286439122
21.8487571512964,-160.24286439122
21.8487267739963,-160.242955994219
21.8486547697964,-160.24288117122
21.8480564040955,-160.24393244721
21.8480624142954,-160.244010231209
21.8479574804954,-160.24392805821
21.8479574804954,-160.24392805821
21.8409920584913,-160.246935273184
21.8312975017905,-160.243527281225
21.8155125139833,-160.246848811201
21.8100257087854,-160.241239847261
21.8056552455826,-160.243419229242
21.8025198464869,-160.235410942324
21.7909750011855,-160.232168088363
21.7912958010918,-160.222766056457
21.7820951789944,-160.214444724545
21.7843319124998,-160.207155030615
21.788474849004,-160.202802776656
21.785555638906,-160.198272055702
21.7794276684014,-160.202291035666
21.8039898253156,-160.192434885749
21.8080790723158,-160.194144725729
21.8188217250233,-160.187744345786
21.8188217250233,-160.187744345786
21.8188785037233,-160.187792884785
21.8188767555233,-160.187846767785
21.8354431237349,-160.177867444873
